0.00000000,0.03147948,0.35663460,0.00130927,0.00000000,0.61057665,0.00000000,0.00000000
0.00241815,0.24152612,0.43289104,0.00578704,0.20262897,0.11474868,0.00000000,0.00000000
0.00659554,0.45636691,0.27401968,0.00000000,0.07573784,0.13698213,0.02682555,0.02347236
0.35548995,0.30262528,0.18265241,0.00000000,0.00000000,0.15923237,0.00000000,0.00000000
0.00000000,0.02758706,0.37801629,0.02548628,0.17214938,0.39676098,0.00000000,0.00000000
0.00153147,0.25035479,0.25801215,0.04678136,0.15990607,0.24972178,0.01229261,0.02139977
0.05703643,0.21423064,0.24146767,0.05600437,0.14800052,0.19411130,0.07974187,0.00940721
0.08994511,0.19445831,0.24415059,0.03602517,0.28705090,0.07845420,0.06991572,0.00000000
0.40790246,0.38995023,0.00034774,0.00000000,0.00000000,0.20179957,0.00000000,0.00000000
0.00000000,0.12594334,0.35008816,0.07484425,0.19873046,0.18609381,0.06428823,0.00001176
0.06212609,0.25921379,0.24205610,0.07757648,0.22172367,0.07881815,0.05848572,0.00000000
0.00928008,0.63826570,0.02096052,0.00000000,0.33149370,0.00000000,0.00000000,0.00000000
0.00000000,0.05673669,0.23089033,0.22766231,0.32032057,0.00000000,0.16439010,0.00000000
0.00000000,0.09611647,0.28116289,0.05373264,0.23166927,0.29304238,0.04415488,0.00012148
0.00092870,0.19364473,0.28704960,0.03494331,0.19172051,0.23444087,0.04484503,0.01242726
0.03547199,0.16109533,0.28872637,0.03110866,0.20635945,0.21483242,0.05304128,0.00936449
0.08228906,0.11064640,0.29260198,0.02981279,0.19179988,0.22247635,0.06568730,0.00468624
0.14562960,0.26207263,0.19570703,0.04059045,0.27245849,0.05122540,0.02498457,0.00733184
0.00271985,0.22780093,0.22331318,0.06293730,0.18707800,0.26961861,0.00367180,0.02286033
0.03147976,0.19346527,0.24089649,0.06037525,0.13450306,0.27979658,0.05003060,0.00945300
0.00000000,0.11974520,0.33141155,0.08053790,0.19111901,0.23324585,0.04149280,0.00244769
0.03439305,0.18691981,0.27679257,0.05089881,0.21229651,0.19342355,0.01531812,0.02995758
0.00992250,0.13503504,0.30174966,0.04495289,0.19360468,0.20844665,0.10628858,0.00000000
0.00188774,0.32169645,0.24372011,0.13814917,0.16323517,0.10892692,0.01236681,0.01001762
0.03377189,0.31617348,0.24640835,0.12417941,0.18641359,0.07794624,0.01474585,0.00036120
0.08645759,0.29879735,0.22157234,0.12919817,0.17609583,0.05205050,0.02989230,0.00593592
0.07581392,0.19288751,0.27705228,0.09676714,0.19212661,0.13588678,0.02839099,0.00107477
0.00104706,0.31677634,0.25606289,0.08448174,0.20478910,0.08054318,0.03767005,0.01862964
0.05603713,0.31412757,0.20186369,0.10438112,0.14559179,0.10357749,0.06174378,0.01267743
0.00000000,0.06445376,0.31182776,0.09269218,0.26551315,0.12052592,0.03170977,0.11327746
0.00000000,0.14027623,0.34385029,0.03119791,0.27665680,0.09859403,0.08513573,0.02428901
0.00092369,0.23560412,0.26703805,0.07281359,0.21844076,0.11887611,0.08093342,0.00537026
0.03705632,0.24085029,0.22946837,0.05882631,0.24518852,0.12385234,0.05616028,0.00859757
0.00004789,0.12572438,0.27348442,0.03483271,0.22314390,0.26403510,0.07449784,0.00423376
0.00151091,0.18243807,0.27216581,0.04676478,0.23121903,0.19740495,0.06060338,0.00789306
0.02728380,0.15823147,0.28281761,0.03408263,0.24263374,0.16184953,0.09130521,0.00179601
0.05781112,0.13611785,0.27855922,0.02519356,0.24372395,0.19990615,0.05737540,0.00131275
0.10566778,0.17919359,0.26245877,0.02697582,0.23476732,0.16764129,0.02027616,0.00301927
0.19797619,0.27707998,0.18428362,0.03266581,0.27448830,0.00635979,0.02714632,0.00000000
0.00652833,0.20452514,0.23572346,0.04835893,0.23488623,0.25638708,0.00216755,0.01142329
0.00000000,0.13871395,0.30039276,0.07298692,0.16052552,0.26911037,0.05209479,0.00617569
0.02540065,0.18633777,0.27418264,0.03389407,0.22795209,0.20450708,0.02362693,0.02409878
0.00905845,0.24339570,0.27849226,0.12311235,0.15808443,0.12784244,0.02993080,0.03008357
0.02376479,0.24768182,0.26891548,0.10743088,0.19953606,0.09717348,0.03347852,0.02201898
0.06186605,0.23043988,0.26078037,0.12801366,0.15414267,0.12612136,0.02463173,0.01400428
0.05280520,0.16412151,0.29032669,0.12726867,0.13817105,0.20803668,0.01199134,0.00727886
0.01411361,0.36353787,0.20692064,0.16288666,0.13497321,0.09024065,0.01089897,0.01642838
0.01741873,0.35587997,0.22556012,0.14186253,0.18153562,0.04346830,0.02671701,0.00755771
0.10526900,0.35324303,0.19394576,0.13403182,0.13225725,0.03089971,0.04230132,0.00805211
0.12827042,0.22105475,0.25355949,0.15964707,0.10657105,0.12041417,0.00850892,0.00197413
0.00012069,0.11992141,0.25911926,0.05141834,0.24202970,0.24061522,0.08677538,0.00000000
0.00083578,0.17629984,0.27357579,0.05397046,0.19481215,0.22944453,0.06764825,0.00341319
0.02547268,0.17205053,0.25586078,0.04860316,0.21775510,0.20646806,0.06825745,0.00553224
0.05672653,0.13405242,0.26791701,0.03070837,0.23012209,0.21792982,0.05987421,0.00266955
0.00210101,0.25828016,0.24964897,0.06435710,0.19454769,0.14936298,0.05381073,0.02789135
0.02701349,0.24437058,0.24955427,0.06533534,0.18646959,0.15790429,0.05637670,0.01297572
0.05963757,0.21777145,0.24578106,0.05695050,0.20795444,0.15168609,0.05135688,0.00886200
0.05605065,0.21252044,0.25896376,0.06578877,0.16795577,0.16629113,0.05402336,0.01840611
0.09073758,0.18842278,0.25420946,0.05524613,0.20864106,0.13284183,0.05681079,0.01309037
0.12270600,0.17012636,0.24721312,0.04441616,0.24185843,0.10480601,0.06887391,0.00000000
0.00354583,0.18688094,0.26157227,0.05238364,0.18670289,0.25720231,0.04168002,0.01003210
0.02083356,0.15959160,0.27218529,0.04640499,0.18796984,0.25221119,0.05305758,0.00774595
0.00000000,0.13369779,0.28786257,0.08510696,0.20771959,0.22170311,0.06123332,0.00267666
0.02407464,0.17698506,0.27120703,0.05225042,0.22986019,0.19041063,0.03804973,0.01716229
0.00757508,0.15136212,0.26108665,0.06450242,0.15884838,0.26675845,0.06816942,0.02169748
0.00085526,0.21451929,0.28442700,0.08172483,0.17123644,0.19224341,0.04559150,0.00940227
0.02676533,0.18430082,0.28825128,0.09702205,0.15505889,0.20350347,0.03839323,0.00670492
0.06415956,0.24600666,0.23982761,0.07857518,0.19639253,0.12807249,0.02615062,0.02081535
0.03806996,0.20855813,0.25769376,0.09591455,0.17549890,0.14023524,0.05144883,0.03258064
0.06120125,0.16075277,0.27982242,0.10652783,0.20235822,0.14315668,0.04078357,0.00539725
0.10582067,0.21945014,0.23790797,0.06672728,0.22866848,0.09490383,0.03086172,0.01565991
0.08971654,0.17596720,0.24733119,0.07789921,0.23270625,0.09173897,0.06774741,0.01689323
0.00222050,0.27804786,0.24385810,0.09383530,0.19577691,0.13807948,0.02190892,0.02627294
0.02341645,0.26862022,0.24284532,0.07633526,0.22312522,0.13060442,0.01922227,0.01583084
0.00251206,0.35942416,0.23357347,0.10262015,0.16264395,0.11112856,0.01051926,0.01757840
0.02511381,0.36523790,0.21531797,0.08876531,0.20082220,0.07619894,0.01701156,0.01153230
0.04674659,0.35056053,0.19492640,0.09873257,0.15016806,0.11252081,0.02810753,0.01823752
0.08437262,0.35479238,0.17776037,0.08958793,0.18625329,0.06854116,0.03158734,0.00710492
0.00312404,0.27714301,0.23932474,0.07832667,0.19446003,0.15440287,0.02894945,0.02426918
0.02484109,0.20687327,0.26966941,0.08474803,0.18088866,0.14418661,0.08310574,0.00568717
0.05372084,0.24671768,0.24618855,0.07840517,0.20086117,0.13168947,0.01984271,0.02257439
0.03066161,0.25875362,0.22657297,0.08699371,0.11743831,0.19826013,0.06439960,0.01692005
0.00001236,0.10036164,0.29290638,0.07174605,0.17485859,0.24679628,0.04193738,0.07138132
0.00090553,0.19041305,0.27457537,0.09970506,0.16978642,0.14353906,0.03940985,0.08166565
0.02785679,0.15690936,0.27747117,0.10742942,0.16326328,0.14265195,0.03949621,0.08492181
0.08203113,0.12495642,0.27309106,0.11127136,0.25549938,0.05580209,0.03695838,0.06039019
0.00000000,0.16576582,0.28714155,0.11372057,0.18560685,0.19482727,0.04273311,0.01020483
0.02532042,0.21493378,0.24902742,0.13010605,0.21317514,0.13255083,0.01983799,0.01504836
0.01327948,0.19004002,0.26636944,0.13739295,0.16369442,0.19621259,0.03247403,0.00053706
0.05505790,0.28861393,0.20785086,0.12970924,0.24915739,0.05197957,0.01763111,0.00000000
0.04744305,0.26189347,0.23652837,0.14218195,0.12298232,0.15226422,0.02053249,0.01617414
0.01343309,0.18615504,0.24499802,0.21338019,0.12601787,0.08109921,0.01660715,0.11830943
0.00408705,0.27156760,0.24387603,0.14031983,0.18270894,0.10118584,0.03971503,0.01653968
0.00000000,0.15131125,0.29136985,0.17116677,0.16476130,0.12297495,0.05099242,0.04742345
0.03401627,0.20732966,0.26192210,0.13980912,0.18990552,0.07153657,0.08027264,0.01520812
0.00829258,0.13694450,0.37538805,0.17042313,0.24972358,0.03693387,0.01267276,0.00962152
0.00000000,0.09141817,0.41550267,0.18493100,0.27451765,0.02638864,0.00711556,0.00012631
0.00000000,0.12569227,0.30988197,0.10592402,0.14488464,0.22470574,0.08190395,0.00700742
0.05260933,0.14627225,0.29964193,0.11820925,0.13364678,0.22062224,0.02383530,0.00516293
0.13111587,0.20685360,0.25851910,0.10143875,0.20101718,0.05623243,0.04334600,0.00147707
0.00274466,0.25753072,0.27224481,0.07002859,0.18537816,0.17490063,0.01400230,0.02317013
0.03790588,0.24550820,0.24696971,0.08168888,0.16624480,0.15325916,0.06417568,0.00424770
0.00000000,0.07509928,0.32493824,0.07808249,0.24057037,0.14106132,0.03269646,0.10755183
0.00000000,0.16987374,0.28450122,0.04254596,0.23784489,0.16967683,0.07775234,0.01780502
0.00190040,0.22256928,0.29761490,0.05654703,0.21619081,0.11239658,0.07069895,0.02208205
0.03280395,0.19495908,0.29537644,0.05702748,0.20333351,0.13510217,0.06249661,0.01890075
0.05360284,0.16835207,0.30214947,0.06108231,0.21706180,0.13131590,0.04655444,0.01988117
0.00090997,0.20711441,0.27161309,0.06648502,0.21151346,0.17215075,0.05883087,0.01138243
0.02785704,0.18882492,0.26786261,0.05611459,0.20829370,0.18615492,0.03628424,0.02860798
0.00581775,0.21006465,0.25509517,0.06232996,0.18329347,0.19795716,0.06324213,0.02219971
0.00017590,0.12956402,0.31554718,0.02925996,0.16306571,0.27297902,0.07698957,0.01241865
0.00327126,0.20438056,0.26950176,0.04000482,0.19541080,0.21879718,0.05174258,0.01689104
0.01753432,0.16870781,0.29016377,0.04231724,0.21251179,0.18359838,0.06600101,0.01916569
0.00000000,0.12911522,0.28595903,0.01177903,0.23804545,0.25937896,0.07118927,0.00453304
0.00385473,0.17483567,0.27332519,0.03847362,0.23067109,0.19818897,0.07323212,0.00741861
0.01910590,0.16345935,0.28199468,0.02180865,0.23902263,0.20006818,0.06995893,0.00458168
0.04398114,0.14690681,0.27447984,0.02000384,0.25503937,0.21751990,0.04100211,0.00106699
0.08962962,0.15703243,0.28952347,0.01285548,0.22839115,0.20928975,0.01146968,0.00180842
0.14083248,0.20992499,0.27082806,0.10755111,0.12780115,0.13532578,0.00773643,0.00000000
0.22806755,0.29661277,0.20392970,0.21027467,0.05200189,0.00911342,0.00000000,0.00000000
0.00006950,0.13570480,0.25754452,0.03725154,0.24407327,0.24924709,0.07514016,0.00096913
0.00065681,0.17359875,0.26679803,0.04717138,0.20396221,0.23948912,0.05968236,0.00864136
0.01874613,0.16497676,0.26122878,0.04619034,0.22635757,0.21181924,0.06342864,0.00725255
0.04304136,0.14202816,0.25921312,0.04147112,0.24703276,0.20078951,0.06185798,0.00456599
0.00120678,0.18234635,0.26135341,0.04458028,0.21793667,0.22457989,0.05783919,0.01015743
0.00417121,0.22135333,0.26577465,0.05273943,0.20395981,0.18868024,0.05363037,0.00969097
0.01952884,0.22328510,0.25211379,0.05201497,0.21335175,0.17197121,0.05707878,0.01065555
0.04479756,0.19940461,0.25101813,0.05331974,0.23780830,0.14512848,0.05543906,0.01308410
0.02102179,0.17633295,0.25883130,0.03335259,0.23813140,0.19395840,0.07129416,0.00707742
0.02039801,0.22047455,0.25806863,0.05420759,0.19117660,0.19925586,0.04711485,0.00930391
0.04094560,0.21649227,0.24911690,0.05412641,0.20816685,0.16756424,0.05729800,0.00628973
0.06759739,0.18588925,0.25788083,0.06113898,0.21689057,0.14952096,0.05239331,0.00868872
0.04510996,0.14707191,0.26700892,0.02481877,0.24888992,0.19645646,0.06980223,0.00084183
0.04719662,0.19193892,0.26396731,0.04438692,0.23252395,0.16615103,0.04843234,0.00540292
0.06791436,0.17751689,0.26984841,0.03497298,0.22760143,0.17157835,0.04275844,0.00780913
0.09042491,0.16091669,0.26420887,0.03228955,0.24997092,0.15388117,0.04291618,0.00539171
0.07944512,0.18511440,0.24033813,0.05372420,0.23102574,0.18247622,0.02612758,0.00174862
0.09066265,0.24785458,0.23323822,0.05679032,0.20477700,0.13591207,0.02077785,0.00998732
0.11889864,0.22685280,0.23845474,0.04813643,0.20383595,0.11359927,0.03951008,0.01071210
0.15313866,0.20761292,0.23296503,0.04267848,0.24334628,0.08121054,0.03641331,0.00263477
0.00537391,0.18116788,0.25156491,0.05252371,0.21679933,0.22322975,0.06125383,0.00808668
0.01886096,0.16069976,0.26326096,0.04713983,0.20861533,0.23097760,0.06545987,0.00498570
0.00639789,0.18177008,0.24442627,0.04614458,0.22841526,0.23969297,0.04555444,0.00759851
0.00006357,0.14144839,0.27686218,0.07994135,0.22380527,0.21429570,0.06204523,0.00153831
0.01750675,0.17358391,0.25991646,0.05829307,0.24058105,0.18564949,0.04970553,0.01476375
0.00573996,0.16044161,0.25137286,0.05977011,0.19122996,0.25592755,0.06428657,0.01123139
0.00156085,0.19393905,0.26904585,0.09320143,0.20240484,0.17844728,0.05509244,0.00630826
0.02416611,0.18298827,0.27491174,0.09632644,0.19498682,0.15923323,0.06066876,0.00671864
0.04613155,0.22330491,0.25079350,0.06410783,0.22576874,0.15157371,0.02507790,0.01324187
0.03456927,0.20104429,0.25811442,0.08088289,0.17689180,0.15724993,0.07661792,0.01462948
0.04922395,0.15502516,0.27577047,0.08446355,0.21630910,0.17851499,0.03667439,0.00401838
0.07499615,0.20184472,0.24936540,0.06832126,0.22767073,0.13714609,0.02749602,0.01315965
0.06243986,0.17492277,0.25415994,0.07727889,0.18855757,0.17281818,0.05482620,0.01499660
0.09185885,0.20226050,0.24680600,0.11351620,0.18874488,0.12853420,0.02574267,0.00253671
0.12709963,0.26440123,0.20982190,0.07875276,0.24037157,0.04418981,0.01539048,0.01997262
0.11347059,0.23453064,0.23140274,0.09737050,0.15288214,0.11448115,0.04572921,0.01013302
0.00242184,0.25155284,0.24048419,0.08433713,0.19208837,0.17951572,0.02462275,0.02497717
0.01856631,0.23968538,0.23988320,0.06657404,0.24904861,0.13887999,0.02630934,0.02105313
0.00488520,0.31766133,0.21790170,0.08511778,0.18246457,0.12258316,0.04085800,0.02852826
0.02406335,0.31574322,0.22205895,0.06691734,0.21200334,0.12166134,0.02228657,0.01526589
0.03233380,0.29922648,0.21673096,0.08073708,0.16507872,0.13887265,0.05397572,0.01304458
0.05719243,0.29113147,0.21549887,0.07152858,0.16968000,0.14021124,0.03274589,0.02201153
0.00560377,0.25592939,0.22825070,0.07487210,0.19196942,0.19693762,0.03372109,0.01271590
0.00003745,0.11408337,0.28191086,0.07391805,0.20608307,0.21771936,0.05113227,0.05511557
0.00314560,0.17069218,0.27225299,0.09173560,0.19052483,0.15737611,0.04776427,0.06650843
0.02790760,0.16346248,0.27540205,0.09237436,0.20020199,0.12693423,0.05589249,0.05782479
0.05507274,0.13891266,0.27410231,0.07760527,0.21169469,0.14387482,0.05257221,0.04616530
0.10114607,0.19332965,0.24672072,0.10542866,0.19172031,0.08439949,0.01398578,0.06326932
0.00000000,0.14353572,0.27478616,0.08115852,0.20253026,0.22037756,0.06995452,0.00765726
0.00056423,0.19104435,0.28497148,0.08584127,0.16338400,0.21305805,0.04658380,0.01455283
0.02132065,0.17784386,0.28128663,0.08317561,0.18424233,0.19326769,0.04348500,0.01537823
0.04920395,0.15985844,0.27536708,0.07265765,0.21877553,0.17021462,0.04542312,0.00849961
0.02012159,0.17264065,0.26426882,0.05064662,0.25113297,0.19294794,0.04084006,0.00740135
0.04733525,0.21190204,0.26398191,0.07977126,0.19927866,0.14075210,0.04486651,0.01211227
0.07636279,0.19036573,0.26527488,0.06899662,0.21452099,0.13589526,0.04085672,0.00772700
0.00741585,0.21900497,0.26436215,0.10780247,0.17667835,0.15748776,0.05201209,0.01523635
0.00778171,0.28437378,0.24592939,0.11960627,0.16680622,0.10961292,0.04036023,0.02552947
0.02883516,0.27735321,0.24931714,0.11802367,0.15692741,0.10410008,0.04732570,0.01811763
0.05759042,0.26228518,0.25330409,0.11062779,0.18148146,0.09637996,0.03153278,0.00679833
0.01798915,0.22485968,0.26750821,0.09592193,0.19025549,0.15801290,0.03057969,0.01487295
0.01986682,0.29226789,0.24261282,0.10018684,0.18764492,0.10228035,0.03806649,0.01707387
0.04198777,0.28199737,0.24636875,0.11036144,0.16804806,0.09804632,0.04287070,0.01031959
0.07323225,0.26847980,0.23810649,0.11200809,0.20511186,0.07145173,0.02372382,0.00788596
0.04518096,0.21241808,0.25231909,0.11080590,0.16619183,0.17306645,0.03423212,0.00578557
0.04583273,0.29817884,0.23571117,0.11761959,0.17029107,0.10386174,0.02073720,0.00776766
0.07397137,0.28005419,0.22790661,0.10962892,0.16569713,0.09228889,0.03431880,0.01613409
0.10560588,0.26420117,0.21710968,0.12922048,0.18661610,0.05586377,0.02679304,0.01458987
0.03852390,0.17423132,0.26475471,0.10376598,0.17569732,0.20201746,0.03384919,0.00716012
0.03910095,0.23765213,0.25874593,0.12212889,0.14723936,0.16938885,0.01382961,0.01191428
0.07342728,0.21311301,0.25781692,0.11975805,0.14228336,0.15531422,0.02611506,0.01217209
0.09520020,0.20378527,0.24788997,0.10150331,0.18438148,0.13171161,0.02617864,0.00934951
0.00480442,0.23811656,0.25791185,0.09794211,0.14634452,0.20616022,0.02986979,0.01885052
0.01576635,0.26901819,0.27072850,0.09892791,0.18490697,0.10332520,0.03371110,0.02361577
0.04050506,0.26961272,0.24583473,0.09233590,0.15564333,0.15474782,0.02381098,0.01750946
0.02087282,0.24044593,0.24549257,0.08286104,0.20076377,0.15989113,0.03775875,0.01191399
0.02581466,0.30017926,0.22665841,0.09682960,0.19296467,0.11314149,0.02552371,0.01888820
0.05740177,0.29634254,0.22037405,0.08703401,0.16961764,0.12667455,0.03276361,0.00979183
0.01425972,0.31568019,0.22183007,0.11641541,0.16992029,0.12739782,0.01855001,0.01594650
0.01512100,0.37898577,0.20990209,0.11982727,0.15886754,0.08201090,0.01528727,0.01999815
0.04567031,0.34412209,0.21910832,0.11110388,0.15647876,0.08688925,0.02369388,0.01293349
0.01674285,0.30717707,0.22908011,0.11615881,0.15901001,0.13457744,0.02003490,0.01721881
0.01573359,0.37347236,0.21530468,0.13128028,0.16357924,0.06289929,0.02053384,0.01719671
0.05309232,0.37448934,0.18402947,0.12051250,0.14838651,0.08983825,0.02356922,0.00608238
0.02027557,0.18074167,0.27708866,0.09642538,0.14500005,0.21558410,0.05914360,0.00574098
0.04362500,0.21112970,0.26853928,0.08770622,0.16502249,0.16380592,0.04236428,0.01780712
0.02398877,0.28471602,0.23996707,0.12099526,0.13569006,0.14403678,0.03571783,0.01488821
0.03385652,0.29666543,0.24446541,0.10769969,0.15095992,0.12527692,0.03038485,0.01069126
0.00000000,0.16177632,0.27928319,0.11500358,0.19345542,0.19416207,0.04375216,0.01256726
0.01669496,0.19750494,0.26985971,0.09449061,0.22755885,0.16445259,0.01511631,0.01432202
0.01064883,0.17283173,0.27833027,0.11356455,0.15963184,0.20482585,0.03553490,0.02463203
0.02023703,0.19265066,0.26291896,0.09353350,0.22304068,0.16489982,0.03437834,0.00834101
0.03774553,0.23688371,0.24486214,0.08204721,0.25354377,0.09491104,0.03101488,0.01899173
0.03418935,0.21088867,0.26500609,0.12607574,0.14865707,0.14646699,0.05642759,0.01228850
0.00310906,0.24626286,0.26662722,0.14865332,0.16633487,0.11654974,0.03624566,0.01621727
0.02137702,0.29773881,0.24189341,0.12898915,0.17321324,0.09204041,0.02223767,0.02251029
0.01674988,0.26297136,0.28496941,0.12846684,0.09641545,0.15778054,0.01147330,0.04117323
0.01484991,0.24921698,0.25058694,0.15998682,0.18147736,0.09128509,0.03888688,0.01371002
0.03330517,0.31108642,0.22274323,0.12690439,0.22537407,0.04000136,0.02975580,0.01082957
0.02966678,0.28525890,0.25460849,0.16046534,0.12204911,0.08464686,0.02887745,0.03442707
0.04707505,0.25363515,0.24031079,0.11547233,0.19316516,0.10110548,0.03249101,0.01674503
0.06281842,0.31470440,0.22483132,0.10115626,0.20071932,0.04800404,0.03130517,0.01646108
0.05947737,0.29379222,0.21161249,0.15327597,0.11201402,0.09713193,0.04581262,0.02688337
0.03433598,0.21182381,0.24498949,0.17300805,0.14415341,0.15688516,0.02636163,0.00844247
0.07305761,0.23059085,0.24947766,0.11797042,0.19451818,0.11445085,0.01270107,0.00723337
0.06850788,0.20147118,0.26047849,0.14209896,0.13923726,0.13897478,0.02851454,0.02071690
0.00000000,0.14420244,0.30637454,0.10937104,0.18957439,0.15794242,0.05267681,0.03985836
0.02401517,0.18391623,0.29146289,0.11165762,0.18880676,0.09701970,0.07805770,0.02506394
0.00484718,0.25549539,0.28546762,0.15502386,0.12388716,0.10584071,0.04798426,0.02145381
0.01660653,0.25691384,0.29684700,0.13704170,0.16111299,0.05153896,0.05343391,0.02650506
0.05148558,0.25525435,0.27132195,0.15116756,0.16065040,0.02903838,0.07256710,0.00851468
0.04035292,0.19976137,0.26990486,0.17399604,0.13157713,0.11974630,0.03308738,0.03157399
0.00000000,0.13289506,0.29245850,0.10828996,0.14502427,0.24895791,0.06702809,0.00534621
0.03557866,0.16731871,0.27923916,0.10221153,0.16668739,0.20987058,0.02984896,0.00924500
0.04054151,0.16469002,0.27169169,0.12332153,0.15853303,0.19838618,0.03788846,0.00494758
0.09855752,0.19994718,0.26137775,0.10691347,0.16477576,0.13843794,0.02311232,0.00687807
0.08846200,0.18230418,0.27908463,0.12907864,0.13417925,0.17167504,0.01090299,0.00431327
0.17322160,0.24388087,0.23515554,0.14757756,0.12187826,0.06047627,0.01574428,0.00206562
0.00872734,0.23112168,0.26337355,0.08474243,0.16124190,0.21320010,0.01998996,0.01760304
0.02550303,0.22220198,0.25103129,0.08517517,0.16487505,0.18005821,0.06469426,0.00646102
0.00007039,0.18423955,0.26141110,0.03448748,0.22564095,0.21223154,0.05958172,0.02233728
0.00095037,0.21371083,0.27534993,0.05757516,0.20447749,0.15738031,0.06926992,0.02128599
0.02842648,0.20145248,0.27334386,0.04867698,0.20659720,0.16706873,0.05958531,0.01484896
0.04475322,0.19234043,0.26083583,0.04095802,0.23539557,0.16077731,0.04554685,0.01939277
0.09125404,0.18784640,0.28050306,0.07949401,0.17667778,0.13993228,0.04004271,0.00424973
0.00173994,0.20546317,0.25829413,0.05738968,0.21903796,0.19265899,0.04791126,0.01750487
0.02319778,0.19038876,0.26067547,0.05202809,0.20908394,0.20681553,0.04594617,0.01186425
0.00043003,0.13207510,0.30014533,0.04103207,0.19443349,0.23630572,0.08277290,0.01280535
0.00506674,0.18571645,0.28573652,0.05220754,0.21866462,0.18682237,0.05547204,0.01031371
0.02018749,0.16992962,0.28697067,0.05372595,0.21297565,0.18252479,0.06235319,0.01133265
0.04436298,0.14254007,0.28588062,0.04210708,0.25654484,0.16550385,0.05487383,0.00818673
0.00361749,0.20003210,0.25394056,0.05621723,0.22454380,0.20039838,0.04596973,0.01528072
0.00800544,0.24807578,0.25137263,0.06596672,0.18882957,0.17800067,0.03615975,0.02358943
0.02034157,0.24343290,0.24616389,0.06002798,0.20078756,0.15543805,0.05349776,0.02031029
0.04924036,0.21688688,0.24516905,0.05435673,0.23675546,0.13969122,0.03763377,0.02026653
0.01417455,0.17245036,0.27480879,0.03261255,0.23113609,0.21026690,0.04958652,0.01496424
0.01477904,0.23848479,0.26271677,0.05865561,0.20549757,0.16522342,0.03314227,0.02150052
0.04077861,0.21539891,0.25839837,0.05625686,0.21285871,0.15255689,0.04120923,0.02254242
0.06744939,0.19145147,0.25534412,0.04959877,0.26793941,0.12058946,0.03089886,0.01672852
0.00522930,0.19186006,0.26214311,0.04805032,0.21189336,0.20325598,0.06414931,0.01341857
0.01348635,0.16492227,0.28615831,0.04013279,0.23164420,0.18628704,0.06554920,0.01181984
0.00349177,0.19986349,0.25280195,0.05383325,0.19534375,0.22447238,0.05474469,0.01544871
0.03093378,0.16578482,0.26974461,0.06615236,0.23785656,0.17485993,0.04691087,0.00775706
0.03505747,0.22779783,0.23919871,0.08748492,0.23111454,0.13989283,0.02414506,0.01530864
0.05729053,0.21578915,0.23809820,0.09477328,0.19104109,0.16819753,0.00996876,0.02484147
0.01909977,0.25142840,0.24086194,0.09150676,0.21608813,0.11665653,0.04087084,0.02348763
0.04240686,0.21853117,0.25614099,0.08583049,0.22284329,0.12297104,0.03417890,0.01709727
0.00000000,0.16455451,0.27686135,0.04158883,0.22563256,0.19409439,0.07709198,0.02017637
0.00077509,0.21905271,0.27345344,0.05466980,0.21294437,0.15184897,0.06030425,0.02695137
0.02521729,0.19144824,0.27700444,0.05242316,0.20592975,0.17388099,0.06197178,0.01212435
0.04078598,0.17814683,0.27103970,0.04850151,0.21792330,0.16934968,0.05597819,0.01827482
0.00294753,0.26728241,0.28216764,0.08016955,0.16181902,0.13231912,0.05075164,0.02254308
0.02618603,0.24101011,0.27692565,0.08055242,0.16267214,0.13746346,0.06278836,0.01240182
0.03959507,0.23295296,0.27057642,0.07485166,0.19647341,0.11852482,0.04692818,0.02009746
0.05393570,0.23217175,0.26619652,0.08310709,0.14388121,0.15878071,0.04189988,0.02002715
0.07014468,0.21870031,0.26306849,0.07577404,0.17421856,0.13981038,0.03672411,0.02155943
0.09477853,0.20934918,0.24972972,0.06266711,0.21965921,0.10991926,0.03357750,0.02031948
0.00211449,0.18810725,0.27482984,0.05693129,0.22085309,0.16665915,0.06873307,0.02177182
0.02347884,0.16595092,0.28664722,0.04746036,0.24247598,0.17008507,0.04644199,0.01745962
0.00528292,0.18737095,0.26082812,0.06538500,0.19964364,0.19279957,0.06060581,0.02808399
0.00013208,0.12891083,0.25467901,0.04747772,0.23813057,0.22078578,0.10970143,0.00018258
0.00082081,0.17320382,0.25582178,0.05756510,0.20892325,0.20839072,0.09262789,0.00264663
0.01996255,0.16189104,0.25615819,0.05295983,0.21750221,0.19569670,0.09149853,0.00433094
0.04235198,0.14309703,0.25667494,0.04194985,0.24185794,0.20382334,0.06678480,0.00346010
0.00195841,0.23718515,0.25463018,0.05356681,0.20667173,0.15908690,0.07446883,0.01243200
0.02142900,0.21006179,0.25600502,0.04978902,0.22676412,0.17024175,0.05146484,0.01424446
0.04728440,0.19531346,0.25309134,0.04843213,0.22049052,0.16111402,0.06180858,0.01246556
0.04195169,0.20226985,0.25406488,0.05515372,0.18193061,0.18826466,0.06897638,0.00738821
0.06876596,0.18235970,0.25055859,0.05042579,0.20982149,0.16892445,0.05779288,0.01135113
0.09681557,0.15329988,0.25949529,0.03767844,0.26309227,0.12754123,0.05626879,0.00580852
0.00349722,0.18097429,0.24596606,0.05901617,0.21000732,0.21614060,0.07646186,0.00793648
0.00308509,0.23767325,0.24311925,0.06140457,0.18677556,0.22695288,0.03206902,0.00892039
0.02256676,0.22651181,0.24155052,0.05283129,0.19675641,0.21065068,0.03276663,0.01636591
0.04749099,0.20322521,0.23727474,0.05549395,0.22133352,0.17793180,0.04397006,0.01327973
0.01559556,0.16750087,0.25169897,0.06020362,0.20792227,0.21018614,0.07843396,0.00845861
0.01730943,0.22622814,0.24050159,0.06501815,0.17899461,0.21396106,0.04448356,0.01350346
0.03812819,0.21399928,0.24279986,0.06368097,0.16577656,0.19861957,0.06257681,0.01441877
0.06839206,0.18199886,0.24296716,0.05202473,0.21102164,0.18466342,0.04334420,0.01558793
0.04164752,0.21369088,0.22874251,0.09065205,0.14992545,0.21212945,0.03541587,0.02779627
0.00394844,0.16132791,0.28322801,0.04168925,0.19622875,0.25278131,0.05329185,0.00750447
0.01505176,0.14541549,0.28918828,0.04425541,0.17438568,0.26745109,0.04874632,0.01550595
0.00008949,0.13760291,0.27789899,0.07278368,0.22709104,0.21561525,0.06651099,0.00240766
0.01781457,0.17942261,0.24358184,0.08473751,0.20775179,0.21352032,0.04036629,0.01280506
0.00577438,0.14385833,0.25818439,0.07332215,0.19613627,0.23339021,0.06490640,0.02442786
0.00080258,0.19333462,0.27247011,0.08646399,0.18178708,0.19800539,0.05620708,0.01092915
0.01973651,0.18436639,0.27207854,0.08590150,0.17899465,0.19809211,0.05148996,0.00934034
0.04242778,0.21295428,0.25155580,0.05944212,0.19946167,0.17380264,0.04291896,0.01743675
0.02687388,0.19313733,0.25591071,0.07491789,0.16789767,0.17838661,0.08553499,0.01734092
0.04550237,0.16290906,0.26911878,0.07654362,0.22949873,0.14775302,0.06583603,0.00283839
0.07380936,0.19643632,0.24575584,0.05494528,0.22818841,0.15272687,0.04111616,0.00702174
0.06011153,0.17060556,0.24809036,0.07281965,0.17653526,0.18869085,0.07287092,0.01027586
0.00356366,0.19417074,0.26573803,0.08588878,0.19168508,0.21312943,0.03520455,0.01061972
0.02325210,0.23655298,0.23678324,0.06982678,0.18817376,0.19192380,0.02885835,0.02462899
0.00889743,0.20674957,0.24678802,0.08418340,0.15453251,0.20980429,0.06387230,0.02517249
0.01754485,0.18802224,0.26510284,0.08861868,0.15975370,0.20564712,0.06833406,0.00697651
0.04085304,0.22754482,0.23337098,0.08140128,0.16058401,0.19059421,0.05335479,0.01229688
0.02476884,0.19721472,0.24723934,0.08341224,0.15625254,0.19766920,0.06210605,0.03133707
0.00232566,0.23419889,0.25472710,0.09038835,0.17916141,0.20057644,0.02449177,0.01413039
0.01675609,0.22231763,0.26413824,0.07259427,0.22079520,0.15292605,0.03168805,0.01878446
0.00285491,0.23235958,0.25942525,0.06790843,0.19173643,0.18716050,0.03895144,0.01960345
0.00491892,0.30961146,0.21856307,0.10467321,0.15674753,0.16309749,0.01663415,0.02575417
0.02135833,0.31679577,0.20313722,0.08781293,0.20297696,0.13446811,0.01724012,0.01621057
0.02970021,0.29266190,0.21688547,0.10597629,0.13317821,0.14193691,0.06193789,0.01772313
0.05337730,0.30052492,0.20125588,0.09247199,0.16180399,0.12965130,0.04805562,0.01285901
0.01763984,0.17321598,0.28187145,0.08488246,0.16956109,0.19630342,0.07320903,0.00331673
0.04031938,0.19964982,0.26653654,0.07274751,0.21227384,0.15720683,0.03444386,0.01682222
0.02160269,0.20763765,0.26418189,0.06916431,0.14917338,0.20695261,0.06254553,0.01874195
0.00010850,0.11308347,0.27655259,0.08347289,0.21589735,0.17806449,0.06694342,0.06587730
0.00143648,0.18026355,0.26017873,0.09902915,0.15955674,0.18335149,0.04182892,0.07435493
0.01925723,0.15966602,0.26384130,0.09297982,0.16406050,0.17730671,0.04392385,0.07896458
0.05226662,0.12801657,0.26412581,0.10278711,0.17783747,0.15928475,0.04833781,0.06734385
0.00454723,0.17622225,0.25820054,0.09414532,0.16874054,0.18370397,0.03264928,0.08179088
0.01678916,0.16678333,0.25866768,0.10491902,0.13654587,0.17913392,0.05931359,0.07784742
0.00000000,0.14766357,0.29595263,0.11694383,0.19684713,0.18243726,0.05307291,0.00708266
0.01871247,0.19723648,0.26714195,0.10069658,0.20571828,0.17371832,0.02282951,0.01394641
0.00697094,0.17021117,0.27164668,0.10654968,0.17187475,0.18481848,0.06943572,0.01849258
0.04165724,0.22938325,0.24415330,0.08718332,0.22828839,0.11777091,0.02609762,0.02546597
0.03140166,0.20663485,0.25721366,0.07456316,0.19497826,0.14331524,0.08512982,0.00676335
0.01654743,0.17378246,0.26041347,0.07655457,0.21215066,0.11509835,0.13064252,0.01481054
0.00190355,0.24803046,0.25086802,0.14318782,0.19305584,0.12136548,0.02716751,0.01442132
0.01917971,0.24804878,0.25498646,0.12543161,0.21383919,0.08834373,0.03465649,0.01551402
0.00307175,0.29901829,0.23678940,0.15147050,0.16654905,0.10657209,0.01076150,0.02576742
0.01913440,0.30573008,0.22283950,0.14012135,0.16163205,0.10414803,0.02408639,0.02230820
0.03999841,0.30515721,0.20268478,0.14042139,0.19522706,0.06464872,0.03271148,0.01915096
0.00276860,0.29688533,0.24317149,0.13035124,0.15385847,0.11757231,0.02654442,0.02884814
0.02104318,0.30751112,0.21801980,0.10821130,0.23653005,0.04586692,0.03175568,0.03106195
0.02240738,0.20789846,0.27197597,0.13139320,0.15186702,0.14832218,0.06173853,0.00439727
0.04468539,0.24759503,0.23567893,0.13389647,0.15684763,0.14101639,0.01981245,0.02046772
0.05172374,0.29941945,0.20676196,0.11590281,0.15613688,0.09934196,0.05564422,0.01506898
0.00000000,0.13296396,0.29056043,0.12447398,0.18000643,0.16598111,0.04272901,0.06328507
0.02425870,0.16997416,0.26400266,0.10174692,0.21277734,0.11335551,0.04321978,0.07066493
0.00876438,0.15389630,0.26258687,0.09813027,0.17575497,0.14211821,0.06310966,0.09563934
0.00001205,0.11981411,0.27558813,0.12978958,0.12985588,0.17014954,0.04145696,0.13333374
0.00000000,0.12609082,0.29755477,0.09512018,0.17393598,0.22579767,0.07707134,0.00442924
0.04002649,0.16975106,0.25823194,0.10472810,0.17346109,0.19541942,0.05552391,0.00285799
0.00065067,0.18343167,0.29021622,0.09822033,0.16474690,0.19286198,0.06154103,0.00833121
0.04172668,0.22328845,0.26974790,0.10447731,0.16855292,0.13700947,0.04290611,0.01229115
0.02324198,0.16609649,0.29272633,0.09359036,0.17913063,0.16736440,0.06802003,0.00982978
0.06935938,0.20091785,0.27152250,0.11269155,0.15000671,0.14383404,0.04143206,0.01023590
0.04879370,0.14703012,0.28781402,0.09381527,0.18444399,0.17374246,0.05864125,0.00571919
0.10427711,0.17565381,0.26395823,0.11117974,0.17473307,0.12305202,0.03930551,0.00784051
0.00298876,0.22715003,0.26840024,0.07058546,0.20257630,0.17671531,0.03728152,0.01430239
0.02897426,0.22529667,0.24763546,0.06136622,0.18882537,0.18078093,0.06018574,0.00693535
0.03149630,0.28741229,0.23171643,0.08211639,0.16066059,0.14457340,0.04538709,0.01663751
0.02811214,0.28411720,0.24987700,0.08725430,0.18945369,0.10199479,0.03937453,0.01981635
0.05842066,0.28286882,0.22543177,0.08174498,0.16386667,0.12390978,0.04065275,0.02310457
0.05435007,0.26597406,0.24928119,0.09256061,0.19147671,0.08965952,0.03831913,0.01837870
0.09039567,0.26925814,0.20971328,0.08406986,0.19095265,0.09255801,0.04713226,0.01592013
0.00401134,0.24462273,0.26029924,0.07901422,0.19808654,0.18105909,0.01588860,0.01701824
0.00414044,0.31123708,0.24227604,0.08766713,0.18056308,0.14081206,0.01193966,0.02136449
0.03785717,0.29679824,0.22208888,0.08529083,0.16451769,0.14300838,0.02585118,0.02458764
0.00757052,0.36962985,0.22506557,0.10075090,0.16490384,0.10021589,0.01680760,0.01505582
0.04079889,0.35790246,0.20898500,0.10662090,0.13420714,0.10816882,0.02106284,0.02225394
0.07429838,0.35297376,0.18901606,0.07991351,0.14689177,0.09654379,0.04398524,0.01637748
0.02098854,0.17030487,0.28685883,0.09421387,0.18044847,0.16970572,0.06993702,0.00754268
0.07044262,0.21458555,0.25671390,0.11494265,0.15278145,0.13810838,0.04818991,0.00423553
0.02882274,0.29079950,0.24194514,0.08082836,0.17143446,0.13424272,0.03311278,0.01881430
0.05834514,0.29058884,0.21418600,0.07721716,0.15560291,0.14110387,0.05589691,0.00705916
0.00392796,0.23719583,0.26155191,0.06692403,0.18838458,0.19674952,0.02640564,0.01886053
0.02475938,0.21948298,0.25155380,0.09015178,0.15516750,0.16482110,0.06935235,0.02471109
0.00000000,0.15262041,0.29075818,0.12842335,0.15936524,0.20382019,0.05408507,0.01092755
0.04314456,0.20198903,0.25255296,0.14581836,0.16047205,0.14975940,0.03748884,0.00877479
0.01835406,0.19274281,0.25841940,0.11181304,0.22055535,0.14756125,0.04350798,0.00704611
0.00954498,0.15934420,0.29934076,0.11383109,0.15248341,0.21092894,0.05053254,0.00399407
0.01905380,0.25147431,0.25779390,0.14112169,0.21422198,0.07113631,0.04078433,0.00441368
0.00959936,0.23769034,0.26525212,0.13539231,0.16172900,0.15009901,0.02025598,0.01998188
0.06784264,0.23979281,0.23004904,0.12587700,0.20865500,0.08286013,0.03364854,0.01127484
0.06134493,0.22261228,0.24946897,0.14360667,0.13644573,0.14603605,0.03557574,0.00490963
0.00381225,0.25996744,0.25643813,0.12895620,0.18467060,0.10019061,0.05350548,0.01245930
0.03068241,0.25567789,0.22697756,0.14804502,0.13979786,0.16019789,0.02934331,0.00927805
0.05445751,0.30751132,0.20544918,0.13034738,0.16002604,0.11078243,0.01725211,0.01417403
0.04507241,0.29002579,0.22740800,0.12426223,0.12671734,0.12710793,0.04119755,0.01820876
0.00240966,0.22177838,0.27251544,0.10983589,0.16685298,0.16217774,0.05120905,0.01322085
0.00000000,0.13754290,0.30459849,0.12696795,0.17347025,0.18079827,0.03935906,0.03726308
0.04839604,0.18699010,0.28033556,0.14533771,0.14151090,0.11474194,0.03855479,0.04413295
0.00425144,0.25593090,0.27531295,0.14052830,0.17839707,0.05307258,0.06269040,0.02981637
0.03423426,0.25795086,0.24542837,0.13694930,0.15939769,0.06813704,0.06730220,0.03060028
0.00003068,0.11804114,0.31477125,0.07052193,0.20917757,0.23613853,0.03028505,0.02103384
0.00082400,0.17313015,0.31260300,0.09074055,0.19879041,0.16814917,0.02824847,0.02751426
0.02927496,0.15925265,0.30388176,0.09132738,0.20504183,0.14261015,0.04262131,0.02598996
0.06238978,0.12364805,0.30503343,0.08938363,0.22878862,0.13637759,0.02964207,0.02473683
0.00000000,0.14474934,0.30040157,0.11554903,0.18998014,0.17194719,0.02424004,0.05313269
0.02404078,0.18030582,0.28399709,0.11275206,0.19765230,0.11495414,0.02159794,0.06469987
0.00586069,0.14815138,0.31437141,0.14704024,0.23436240,0.12004619,0.01245488,0.01771280
0.00018033,0.12447795,0.36604032,0.12223464,0.23862661,0.13371082,0.01168536,0.00304396
0.00015076,0.15279850,0.28315825,0.05139171,0.24145455,0.18160864,0.06753840,0.02189920
0.00068626,0.20582913,0.27597476,0.05497028,0.21319417,0.16828496,0.04854476,0.03251568
0.01889308,0.20429728,0.26662767,0.05949621,0.20296836,0.14747182,0.07459605,0.02564952
0.03843656,0.18300962,0.27139010,0.05619258,0.23490625,0.13466420,0.06270010,0.01870059
0.00454099,0.19798488,0.28485500,0.06784393,0.20978900,0.15092442,0.06971617,0.01434560
0.02337353,0.18848010,0.27652859,0.06073410,0.20523953,0.16639575,0.05568083,0.02356756
0.00194810,0.19421291,0.26407086,0.06677001,0.22198366,0.17462002,0.06756998,0.00882447
0.00228986,0.24812638,0.25554809,0.07532133,0.19387602,0.16381683,0.04479988,0.01622161
0.02187326,0.23883403,0.25343119,0.08105337,0.17733797,0.15501502,0.05439534,0.01805983
0.04801624,0.22043151,0.24838908,0.07178897,0.22388400,0.11995739,0.04906721,0.01846559
0.02096937,0.18719075,0.25235752,0.06429231,0.22876478,0.17236894,0.05437448,0.01968186
0.02192120,0.24065863,0.24500671,0.06252288,0.21697469,0.15568573,0.02533368,0.03189648
0.04365337,0.22934098,0.24430812,0.06971866,0.20115878,0.15258037,0.04171887,0.01752087
0.07387444,0.20817358,0.23803761,0.06817928,0.22768969,0.12735815,0.04298325,0.01370399
0.00559662,0.17299723,0.27426390,0.05924385,0.22036133,0.19003826,0.06083870,0.01666011
0.00000000,0.17129050,0.29409676,0.08660221,0.21614612,0.14832793,0.07378941,0.00974708
0.01512886,0.20259594,0.28070448,0.07955700,0.23762698,0.11589071,0.05516836,0.01332769
0.00827109,0.18039550,0.28832818,0.07932681,0.22113062,0.13660916,0.05951654,0.02642210
0.00082700,0.22764617,0.26053633,0.09681764,0.19649135,0.15601811,0.05156768,0.01009571
0.02065100,0.25972061,0.24681313,0.08209487,0.22428565,0.11252588,0.04047285,0.01343600
0.00955301,0.23844983,0.24784640,0.09731869,0.18913606,0.13331978,0.04641971,0.03795653
0.02451241,0.20881081,0.26517796,0.09349624,0.20381631,0.14859224,0.03298835,0.02260568
0.04309784,0.24833291,0.23077609,0.08490081,0.22565425,0.11104995,0.03705335,0.01913479
0.03813936,0.23612125,0.22677164,0.09316795,0.18155646,0.16332672,0.02639155,0.03452508
0.00553010,0.27032068,0.24503553,0.09496541,0.17690726,0.14289454,0.03588257,0.02846391
0.02510675,0.25700830,0.24007016,0.08410932,0.21277469,0.11393549,0.04894814,0.01804716
0.00632939,0.25735833,0.23813060,0.09278948,0.18712657,0.13834573,0.05145921,0.02846068
0.00042419,0.16428254,0.30140697,0.09324931,0.21941135,0.13580588,0.05594652,0.02947324
0.00163970,0.21759190,0.26802594,0.12523309,0.18454078,0.12923052,0.04968385,0.02405423
0.03047195,0.20504855,0.26059069,0.12504602,0.18313084,0.13998573,0.03707603,0.01865019
0.00016475,0.11974652,0.30200636,0.03722590,0.24258717,0.26197566,0.02273978,0.01355386
0.00412178,0.17702034,0.27255334,0.05609533,0.22921432,0.22259285,0.02475149,0.01365054
0.01715818,0.17345963,0.26223323,0.05194618,0.22255849,0.22198203,0.03528585,0.01537642
0.04113316,0.22157015,0.23920483,0.06050775,0.19753336,0.19503884,0.01811051,0.02690141
0.00000000,0.15130517,0.28501202,0.09739396,0.17272454,0.25560278,0.03444530,0.00351623
0.00508188,0.24366132,0.24973679,0.10056653,0.19490718,0.15549641,0.04025396,0.01029593
0.00425070,0.25948506,0.24425949,0.09423453,0.19035164,0.16168690,0.02389186,0.02183980
0.01724267,0.19982205,0.27038026,0.10256626,0.16087384,0.20295027,0.03315070,0.01301396
0.02214984,0.23972603,0.24807044,0.08080833,0.20413969,0.16425735,0.03269808,0.00815025
0.03481465,0.26005303,0.25680085,0.11883364,0.11925005,0.18709776,0.01602897,0.00712106
0.04128751,0.29816109,0.21997063,0.11203126,0.15857591,0.13023072,0.02418284,0.01556005
0.00644591,0.20469959,0.26260666,0.11107034,0.15536054,0.22165878,0.02034131,0.01781688
0.02109435,0.19050660,0.26556654,0.10916564,0.17676689,0.18852959,0.02973074,0.01863965
0.00000000,0.16283248,0.27658550,0.16065446,0.16208423,0.19856736,0.03459583,0.00468014
0.00222512,0.23595209,0.26163571,0.12524509,0.17866284,0.16798128,0.01930263,0.00899526
0.00204250,0.22863340,0.24177313,0.18989671,0.17461337,0.14446630,0.01737135,0.00120325
0.00521363,0.24467926,0.26593125,0.16307821,0.17468757,0.12518390,0.01499048,0.00623571
0.00548290,0.29938533,0.23338142,0.18272859,0.17496158,0.08284463,0.01613510,0.00508044
0.00284953,0.26727334,0.24539633,0.16762672,0.16972557,0.12804486,0.01430381,0.00477985
0.00395956,0.28008824,0.25525383,0.15664462,0.18754065,0.08312998,0.02209238,0.01129073
