0.00000000,0.00000000,0.00000000,0.03147948,0.18176126,0.17487334,0.00130927,0.00000000,0.00000000,0.00000000,0.48420334,0.12637331,0.00000000,0.00000000,0.00000000,0.00000000
0.00000000,0.00241815,0.10755622,0.13396991,0.36303323,0.06985780,0.00578704,0.00000000,0.02736442,0.17526455,0.00000000,0.11474868,0.00000000,0.00000000,0.00000000,0.00000000
0.00000000,0.00659554,0.32642372,0.12994319,0.21138977,0.06262990,0.00000000,0.00000000,0.07573784,0.00000000,0.13698213,0.00000000,0.02682555,0.00000000,0.00000000,0.02347236
0.00000000,0.35548995,0.28646665,0.01615863,0.13453559,0.04811682,0.00000000,0.00000000,0.00000000,0.00000000,0.15923237,0.00000000,0.00000000,0.00000000,0.00000000,0.00000000
0.00000000,0.00000000,0.00832673,0.01926033,0.25598006,0.12203623,0.01831498,0.00717130,0.00000000,0.17214938,0.18733230,0.20942868,0.00000000,0.00000000,0.00000000,0.00000000
0.00000000,0.00153147,0.08900914,0.16134565,0.15942621,0.09858594,0.03342692,0.01335443,0.02958803,0.13031804,0.12414110,0.12558068,0.01219052,0.00010210,0.00299147,0.01840829
0.00000000,0.05703643,0.11085804,0.10337260,0.15248467,0.08898300,0.03686964,0.01913473,0.03386835,0.11413218,0.14610247,0.04800883,0.05671613,0.02302573,0.00744985,0.00195737
0.00000000,0.08994511,0.14020570,0.05425261,0.15172433,0.09242626,0.01430472,0.02172045,0.00000000,0.28705090,0.06015746,0.01829674,0.04224884,0.02766689,0.00000000,0.00000000
0.00000000,0.40790246,0.38995023,0.00000000,0.00000000,0.00034774,0.00000000,0.00000000,0.00000000,0.00000000,0.20179957,0.00000000,0.00000000,0.00000000,0.00000000,0.00000000
0.00000000,0.00000000,0.00109322,0.12485012,0.12161749,0.22847067,0.00592453,0.06891971,0.12541436,0.07331609,0.13760433,0.04848948,0.06428823,0.00000000,0.00000000,0.00001176
0.00000000,0.06212609,0.09316796,0.16604583,0.18797268,0.05408342,0.06799582,0.00958065,0.04605486,0.17566881,0.07881815,0.00000000,0.05848572,0.00000000,0.00000000,0.00000000
0.00000000,0.00928008,0.54911263,0.08915307,0.02096052,0.00000000,0.00000000,0.00000000,0.27592659,0.05556711,0.00000000,0.00000000,0.00000000,0.00000000,0.00000000,0.00000000
0.00000000,0.00000000,0.03216881,0.02456788,0.20144068,0.02944965,0.22766231,0.00000000,0.02064020,0.29968038,0.00000000,0.00000000,0.00000000,0.16439010,0.00000000,0.00000000
0.00000000,0.00000000,0.01010844,0.08600803,0.18361423,0.09754866,0.04813176,0.00560088,0.05320836,0.17846091,0.07438429,0.21865809,0.04186594,0.00228894,0.00012148,0.00000000
0.00000000,0.00092870,0.06169532,0.13194941,0.16555645,0.12149314,0.01745829,0.01748502,0.07538535,0.11633516,0.11326844,0.12117244,0.04074938,0.00409565,0.00245204,0.00997521
0.00000000,0.03547199,0.08273658,0.07835875,0.17945466,0.10927172,0.02098313,0.01012554,0.09012960,0.11622985,0.08306274,0.13176969,0.03107967,0.02196161,0.00863244,0.00073205
0.00000000,0.08228906,0.06522348,0.04542292,0.18340304,0.10919894,0.01963262,0.01018017,0.06944589,0.12235399,0.13019905,0.09227730,0.05021312,0.01547418,0.00396651,0.00071973
0.00000000,0.14562960,0.19785135,0.06422128,0.14365856,0.05204847,0.02664154,0.01394890,0.12152225,0.15093624,0.02070676,0.03051864,0.00797080,0.01701376,0.00733184,0.00000000
0.00000000,0.00271985,0.06549396,0.16230698,0.13381656,0.08949662,0.03884624,0.02409106,0.03093148,0.15614652,0.12251559,0.14710302,0.00296464,0.00070716,0.00000000,0.02286033
0.00000000,0.03147976,0.10717929,0.08628598,0.13317314,0.10772335,0.03279457,0.02758068,0.01261911,0.12188395,0.19491609,0.08488050,0.01706224,0.03296836,0.00751101,0.00194198
0.00000000,0.00000000,0.01346230,0.10628290,0.19423023,0.13718132,0.02396821,0.05656969,0.06589599,0.12522302,0.12155886,0.11168699,0.03538831,0.00610448,0.00211593,0.00033177
0.00000000,0.03439305,0.07060392,0.11631590,0.18096546,0.09582711,0.02544940,0.02544940,0.11258332,0.09971319,0.12651182,0.06691174,0.01531812,0.00000000,0.00731165,0.02264593
0.00000000,0.00992250,0.02129299,0.11374205,0.20741635,0.09433332,0.01900032,0.02595257,0.07340233,0.12020235,0.19830139,0.01014526,0.05939574,0.04689284,0.00000000,0.00000000
0.00000000,0.00188774,0.10471516,0.21698129,0.17391560,0.06980451,0.05792432,0.08022485,0.10521856,0.05801661,0.05889756,0.05002936,0.00639315,0.00597366,0.00984143,0.00017619
0.00000000,0.03377189,0.14171550,0.17445798,0.18969145,0.05671690,0.07012633,0.05405308,0.09690003,0.08951356,0.06017536,0.01777087,0.00031605,0.01442981,0.00036120,0.00000000
0.00000000,0.08645759,0.14746031,0.15133703,0.16826505,0.05330730,0.04799977,0.08119840,0.07246853,0.10362729,0.03723970,0.01481080,0.00000000,0.02989230,0.00593592,0.00000000
0.00000000,0.07581392,0.08295685,0.10993066,0.14351478,0.13353751,0.01982138,0.07694576,0.08593386,0.10619275,0.06849028,0.06739649,0.02273181,0.00565917,0.00090357,0.00017120
0.00000000,0.00104706,0.11876898,0.19800736,0.16205288,0.09401000,0.04490282,0.03957892,0.09832712,0.10646198,0.04424237,0.03630081,0.02486368,0.01280637,0.01548040,0.00314924
0.00000000,0.05603713,0.12516705,0.18896052,0.12405642,0.07780727,0.03122404,0.07315708,0.05163073,0.09396106,0.05807780,0.04549969,0.04675479,0.01498898,0.00470437,0.00797306
0.00000000,0.00000000,0.01123242,0.05322134,0.22908198,0.08274578,0.07699917,0.01569301,0.06527213,0.20024102,0.07710709,0.04341883,0.02437138,0.00733839,0.11164071,0.00163675
0.00000000,0.00000000,0.02855070,0.11172553,0.22898733,0.11486297,0.00724226,0.02395566,0.05589871,0.22075808,0.00245112,0.09614291,0.05987280,0.02526292,0.02167448,0.00261453
0.00000000,0.00092369,0.05121081,0.18439330,0.17737616,0.08966189,0.02194647,0.05086712,0.05325867,0.16518209,0.04889086,0.06998525,0.02100846,0.05992496,0.00528434,0.00008592
0.00000000,0.03705632,0.08242625,0.15842404,0.11452122,0.11494715,0.02370248,0.03512384,0.06270705,0.18248146,0.04370563,0.08014671,0.02397066,0.03218962,0.00000789,0.00858968
0.00000000,0.00004789,0.01045029,0.11527409,0.17330626,0.10017816,0.02544565,0.00938706,0.07086275,0.15228115,0.14359333,0.12044177,0.07278326,0.00171458,0.00423376,0.00000000
0.00000000,0.00151091,0.04935982,0.13307824,0.16448859,0.10767721,0.02623498,0.02052980,0.08209958,0.14911945,0.10523424,0.09217071,0.04368408,0.01691930,0.00444935,0.00344371
0.00000000,0.02728380,0.06408388,0.09414760,0.17620203,0.10661558,0.02125544,0.01282719,0.08884805,0.15378569,0.08533932,0.07651021,0.06907107,0.02223414,0.00179601,0.00000000
0.00000000,0.05781112,0.05520797,0.08090987,0.16939457,0.10916465,0.01452400,0.01066956,0.10766756,0.13605640,0.09866826,0.10123789,0.04433731,0.01303809,0.00128482,0.00002793
0.00000000,0.10566778,0.13016275,0.04903083,0.16171179,0.10074698,0.02195960,0.00501622,0.14810801,0.08665931,0.07779913,0.08984215,0.01335160,0.00692457,0.00299883,0.00002045
0.00000000,0.19797619,0.21327861,0.06380137,0.13098165,0.05330196,0.02669521,0.00597060,0.23885046,0.03563784,0.00021229,0.00614750,0.02714632,0.00000000,0.00000000,0.00000000
0.00000000,0.00652833,0.05239098,0.15213416,0.12701217,0.10871128,0.01437157,0.03398736,0.04641225,0.18847398,0.11539884,0.14098824,0.00019518,0.00197237,0.00009245,0.01133083
0.00000000,0.00000000,0.02019059,0.11852336,0.18758802,0.11280473,0.03315848,0.03982844,0.09035008,0.07017544,0.21767992,0.05143045,0.04236356,0.00973124,0.00356617,0.00260952
0.00000000,0.02540065,0.06638962,0.11994815,0.16260851,0.11157412,0.01139277,0.02250129,0.11350134,0.11445074,0.14933400,0.05517308,0.01102893,0.01259800,0.02396803,0.00013076
0.00000000,0.00905845,0.08699736,0.15639835,0.17741215,0.10108011,0.04953010,0.07358225,0.04708019,0.11100424,0.09186323,0.03597920,0.02960830,0.00032251,0.02179460,0.00828897
0.00000000,0.02376479,0.10706842,0.14061339,0.16895112,0.09996436,0.04148871,0.06594216,0.06662478,0.13291128,0.07987242,0.01730106,0.03137629,0.00210222,0.02005570,0.00196328
0.00000000,0.06186605,0.10900148,0.12143840,0.16641394,0.09436643,0.03107957,0.09693409,0.04296218,0.11118049,0.07664127,0.04948010,0.00588078,0.01875096,0.00489959,0.00910469
0.00000000,0.05280520,0.07152137,0.09260014,0.17673056,0.11359613,0.03990320,0.08736547,0.04692097,0.09125008,0.12106604,0.08697064,0.00976883,0.00222251,0.00725976,0.00001910
0.00000000,0.01411361,0.11396856,0.24956931,0.14507889,0.06184175,0.10049433,0.06239233,0.04794719,0.08702602,0.05069414,0.03954652,0.00390137,0.00699760,0.00968534,0.00674304
0.00000000,0.01741873,0.13063393,0.22524603,0.15415772,0.07140240,0.11397424,0.02788829,0.11192614,0.06960949,0.02530362,0.01816469,0.01431058,0.01240643,0.00140030,0.00615741
0.00000000,0.10526900,0.18340185,0.16984118,0.11919198,0.07475378,0.04185029,0.09218154,0.04602053,0.08623673,0.00405194,0.02684777,0.02596049,0.01634084,0.00624797,0.00180415
0.00000000,0.12827042,0.12881028,0.09224447,0.14304823,0.11051126,0.04197252,0.11767455,0.04519560,0.06137545,0.07794207,0.04247210,0.00850892,0.00000000,0.00129729,0.00067685
0.00000000,0.00012069,0.01210752,0.10781389,0.15294191,0.10617735,0.04451010,0.00690824,0.04890801,0.19312169,0.11164214,0.12897308,0.07193547,0.01483992,0.00000000,0.00000000
0.00000000,0.00083578,0.05314469,0.12315515,0.17438305,0.09919275,0.02819636,0.02577410,0.06495573,0.12985642,0.13702812,0.09241641,0.06058665,0.00706160,0.00171661,0.00169659
0.00000000,0.02547268,0.06253974,0.10951079,0.15698525,0.09887554,0.02803743,0.02056573,0.09129255,0.12646255,0.09848870,0.10797935,0.04520645,0.02305100,0.00250646,0.00302577
0.00000000,0.05672653,0.04911632,0.08493611,0.15668384,0.11123317,0.02063921,0.01006916,0.09155022,0.13857188,0.11163161,0.10629820,0.04936676,0.01050744,0.00266955,0.00000000
0.00000000,0.00210101,0.09628528,0.16199488,0.14866093,0.10098804,0.02439654,0.03996056,0.07469698,0.11985071,0.09410684,0.05525615,0.05303640,0.00077433,0.01468129,0.01321006
0.00000000,0.02701349,0.11137219,0.13299839,0.15185116,0.09770311,0.02339812,0.04193722,0.07907046,0.10739913,0.08792454,0.06997975,0.03005657,0.02632013,0.00372543,0.00925029
0.00000000,0.05963757,0.09800991,0.11976154,0.15872112,0.08705994,0.02717324,0.02977726,0.07519056,0.13276389,0.08446778,0.06721832,0.03327105,0.01808583,0.00210576,0.00675624
0.00000000,0.05605065,0.11951488,0.09300556,0.16536964,0.09359413,0.02357837,0.04221040,0.08027704,0.08767873,0.08682263,0.07946851,0.03450551,0.01951785,0.01551083,0.00289528
0.00000000,0.09073758,0.11398860,0.07443418,0.16125688,0.09295258,0.02081066,0.03443547,0.06061621,0.14802485,0.08304304,0.04979878,0.04054602,0.01626477,0.01041821,0.00267216
0.00000000,0.12270600,0.12235829,0.04776807,0.16168402,0.08552911,0.02078596,0.02363021,0.14137094,0.10048749,0.07943032,0.02537570,0.04758030,0.02129361,0.00000000,0.00000000
0.00000000,0.00354583,0.05448977,0.13239117,0.14341020,0.11816207,0.02581282,0.02657082,0.05933794,0.12736495,0.11962212,0.13758019,0.04065748,0.00102254,0.00314393,0.00688817
0.00000000,0.02083356,0.08233336,0.07725824,0.15793253,0.11425277,0.02669742,0.01970757,0.05857331,0.12939653,0.08906755,0.16314364,0.02506555,0.02799204,0.00447677,0.00326918
0.00000000,0.00000000,0.01390781,0.11978998,0.15280211,0.13506045,0.04092315,0.04418381,0.06861441,0.13910518,0.11572902,0.10597409,0.05200831,0.00922501,0.00216836,0.00050829
0.00000000,0.02407464,0.05342465,0.12356041,0.16294055,0.10826648,0.01748043,0.03476998,0.08474135,0.14511884,0.10919776,0.08121287,0.03336438,0.00468536,0.00325661,0.01390568
0.00000000,0.00757508,0.02002259,0.13133953,0.16154471,0.09954194,0.03053508,0.03396734,0.07420284,0.08464554,0.17279314,0.09396531,0.04769004,0.02047937,0.02169748,0.00000000
0.00000000,0.00085526,0.05809618,0.15642311,0.15797711,0.12644989,0.02547333,0.05625150,0.09076375,0.08047268,0.10949562,0.08274779,0.03919661,0.00639488,0.00481852,0.00458375
0.00000000,0.02676533,0.07961341,0.10468741,0.17566294,0.11258834,0.02950166,0.06752039,0.08873452,0.06632437,0.09940199,0.10410148,0.01975838,0.01863485,0.00184838,0.00485654
0.00000000,0.06415956,0.12189993,0.12410673,0.15495005,0.08487755,0.03008392,0.04849126,0.10662106,0.08977147,0.06223186,0.06584063,0.02038697,0.00576365,0.00766540,0.01314995
0.00000000,0.03806996,0.09418146,0.11437667,0.17574545,0.08194831,0.03684447,0.05907008,0.06633600,0.10916290,0.04445121,0.09578402,0.03757687,0.01387197,0.02516968,0.00741095
0.00000000,0.06120125,0.06402930,0.09672347,0.16699779,0.11282463,0.03602053,0.07050730,0.07673939,0.12561884,0.06294856,0.08020812,0.02316807,0.01761550,0.00210972,0.00328754
0.00000000,0.10582067,0.11575787,0.10369227,0.15662727,0.08128070,0.02369424,0.04303303,0.11725902,0.11140946,0.08064641,0.01425742,0.01372180,0.01713992,0.00984559,0.00581432
0.00000000,0.08971654,0.07206986,0.10389734,0.18086861,0.06646257,0.03603096,0.04186825,0.08297511,0.14973114,0.03796615,0.05377282,0.03032851,0.03741890,0.00416382,0.01272941
0.00000000,0.00222050,0.08050639,0.19754146,0.13744589,0.10641221,0.03364499,0.06019031,0.08373352,0.11204339,0.07463835,0.06344112,0.01851008,0.00339884,0.01734357,0.00892936
0.00000000,0.02341645,0.11042384,0.15819638,0.14924797,0.09359735,0.03830142,0.03803384,0.09434408,0.12878114,0.07474222,0.05586220,0.00847547,0.01074680,0.01441826,0.00141258
0.00000000,0.00251206,0.14964885,0.20977530,0.15516211,0.07841136,0.04323645,0.05938370,0.11730002,0.04534393,0.07742707,0.03370149,0.00726445,0.00325481,0.01436586,0.00321254
0.00000000,0.02511381,0.17210179,0.19313611,0.14436500,0.07095298,0.04389084,0.04487446,0.08235917,0.11846303,0.06080152,0.01539742,0.00248427,0.01452730,0.00691686,0.00461544
0.00000000,0.04674659,0.13569333,0.21486720,0.13509103,0.05983537,0.04306800,0.05566457,0.10000842,0.05015964,0.06594908,0.04657172,0.02258965,0.00551788,0.01154093,0.00669659
0.00000000,0.08437262,0.16131736,0.19347502,0.11612487,0.06163551,0.04565288,0.04393505,0.09120268,0.09505061,0.04951454,0.01902661,0.01305546,0.01853188,0.00670638,0.00039854
0.00000000,0.00312404,0.08851452,0.18862849,0.14052981,0.09879493,0.04271259,0.03561408,0.06720740,0.12725264,0.07988869,0.07451418,0.02629980,0.00264965,0.00230832,0.02196086
0.00000000,0.02484109,0.08882333,0.11804994,0.13610292,0.13356650,0.02590554,0.05884249,0.06583133,0.11505733,0.09017974,0.05400687,0.07071561,0.01239013,0.00231137,0.00337581
0.00000000,0.05372084,0.12799212,0.11872557,0.16002487,0.08616368,0.04237081,0.03603437,0.08909378,0.11176739,0.07902691,0.05266256,0.01531857,0.00452414,0.02175423,0.00082017
0.00000000,0.03066161,0.10091398,0.15783965,0.12664829,0.09992469,0.02904683,0.05794687,0.04446061,0.07297770,0.13701349,0.06124663,0.03022122,0.03417838,0.00846960,0.00845045
0.00000000,0.00001236,0.01633233,0.08402930,0.17804222,0.11486415,0.05645226,0.01529379,0.06436497,0.11049362,0.13970266,0.10709362,0.00737490,0.03456248,0.00996507,0.06141625
0.00000000,0.00090553,0.06793397,0.12247908,0.18963688,0.08493849,0.05478442,0.04492064,0.07067643,0.09911000,0.13349417,0.01004489,0.02691357,0.01249628,0.03145415,0.05021151
0.00000000,0.02785679,0.08959174,0.06731763,0.19424751,0.08322366,0.05865704,0.04877238,0.07244746,0.09081582,0.08752565,0.05512630,0.01965612,0.01984009,0.02714923,0.05777259
0.00000000,0.08203113,0.06872643,0.05622999,0.20136137,0.07172969,0.06384513,0.04742623,0.04451805,0.21098133,0.02286919,0.03293290,0.02972360,0.00723478,0.05823481,0.00215538
0.00000000,0.00000000,0.00381535,0.16195047,0.12062978,0.16651177,0.01848976,0.09523082,0.10426781,0.08133904,0.08544788,0.10937939,0.04237236,0.00036075,0.01007643,0.00012840
0.00000000,0.02532042,0.05251272,0.16242106,0.13225106,0.11677636,0.04635082,0.08375523,0.09678515,0.11638999,0.06794079,0.06461003,0.01213062,0.00770737,0.00347731,0.01157105
0.00000000,0.01327948,0.03660869,0.15343133,0.14117448,0.12519496,0.04624643,0.09114652,0.05477326,0.10892116,0.11167270,0.08453989,0.00782055,0.02465348,0.00033842,0.00019864
0.00000000,0.05505790,0.09870126,0.18991267,0.14301122,0.06483964,0.06776817,0.06194107,0.09872373,0.15043366,0.05197957,0.00000000,0.01653010,0.00110101,0.00000000,0.00000000
0.00000000,0.04744305,0.08926848,0.17262499,0.13701408,0.09951429,0.04914387,0.09303809,0.02376241,0.09921991,0.10730698,0.04495723,0.01370468,0.00682781,0.00028620,0.01588794
0.00000000,0.01343309,0.04504147,0.14111357,0.21924654,0.02575148,0.10147556,0.11190463,0.00849251,0.11752536,0.00000000,0.08109921,0.00000000,0.01660715,0.00000000,0.11830943
0.00000000,0.00408705,0.05659804,0.21496956,0.13605451,0.10782152,0.08162214,0.05869769,0.02765196,0.15505698,0.00819391,0.09299193,0.03971503,0.00000000,0.01117171,0.00536797
0.00000000,0.00000000,0.02165077,0.12966048,0.15400414,0.13736571,0.07039553,0.10077124,0.02111220,0.14364911,0.08229448,0.04068047,0.04520452,0.00578790,0.04631757,0.00110588
0.00000000,0.03401627,0.07848063,0.12884903,0.17820143,0.08372067,0.08127265,0.05853647,0.06759254,0.12231298,0.06527252,0.00626405,0.01377611,0.06649653,0.00080801,0.01440012
0.00000000,0.00829258,0.04388688,0.09305762,0.20605996,0.16932809,0.08677440,0.08364873,0.03742292,0.21230066,0.00450776,0.03242611,0.01267276,0.00000000,0.00008505,0.00953647
0.00000000,0.00000000,0.04909319,0.04232498,0.24046609,0.17503658,0.07194510,0.11298591,0.03755671,0.23696094,0.02617812,0.00021052,0.00263150,0.00448407,0.00000000,0.00012631
0.00000000,0.00000000,0.02037642,0.10531585,0.19751027,0.11237171,0.03674860,0.06917542,0.02519873,0.11968590,0.17770434,0.04700139,0.07765752,0.00424643,0.00700742,0.00000000
0.00000000,0.05260933,0.06978279,0.07648947,0.19504462,0.10459731,0.05014317,0.06806608,0.03680027,0.09684652,0.11822846,0.10239378,0.01890297,0.00493232,0.00493232,0.00023060
0.00000000,0.13111587,0.13466882,0.07218479,0.16659747,0.09192163,0.06602900,0.03540975,0.10487193,0.09614525,0.04371327,0.01251916,0.03619219,0.00715381,0.00000000,0.00147707
0.00000000,0.00274466,0.09050531,0.16702541,0.17689934,0.09534547,0.03137563,0.03865295,0.09693419,0.08844397,0.09323289,0.08166775,0.00616693,0.00783537,0.01003337,0.01313677
0.00000000,0.03790588,0.09448794,0.15102026,0.15460250,0.09236721,0.03189815,0.04979072,0.08958101,0.07666379,0.10652205,0.04673711,0.04000174,0.02417394,0.00408600,0.00016170
0.00000000,0.00000000,0.00990025,0.06519904,0.22532912,0.09960912,0.03678664,0.04129585,0.01285844,0.22771194,0.11488164,0.02617968,0.02486632,0.00783014,0.00000000,0.10755183
0.00000000,0.00000000,0.03584632,0.13402742,0.16863816,0.11586305,0.01907012,0.02347584,0.08648010,0.15136479,0.08331487,0.08636196,0.05256344,0.02518890,0.01589013,0.00191489
0.00000000,0.00190040,0.07480301,0.14776627,0.19591313,0.10170177,0.01830652,0.03824051,0.06964261,0.14654819,0.05484880,0.05754778,0.05338307,0.01731589,0.01541043,0.00667162
0.00000000,0.03280395,0.07388476,0.12107431,0.19800531,0.09737113,0.01503605,0.04199144,0.07558675,0.12774676,0.05095669,0.08414548,0.03557374,0.02692287,0.00906824,0.00983251
0.00000000,0.05360284,0.07426458,0.09408749,0.21364245,0.08850702,0.01130075,0.04978156,0.04468457,0.17237724,0.04060115,0.09071474,0.02491990,0.02163453,0.01833751,0.00154366
0.00000000,0.00090997,0.05233628,0.15477812,0.17222875,0.09938434,0.02545317,0.04103185,0.07809624,0.13341722,0.10770407,0.06444669,0.02924904,0.02958183,0.00724336,0.00413906
0.00000000,0.02785704,0.07164511,0.11717981,0.15823112,0.10963148,0.02160478,0.03450980,0.09684328,0.11145042,0.11998331,0.06617160,0.02462523,0.01165902,0.02073703,0.00787095
0.00000000,0.00581775,0.05078463,0.15928002,0.14520500,0.10989017,0.02584840,0.03648156,0.07204565,0.11124782,0.12882303,0.06913413,0.03873548,0.02450666,0.01464248,0.00755724
0.00000000,0.00017590,0.02593291,0.10363111,0.19750722,0.11803995,0.00783516,0.02142480,0.04238723,0.12067848,0.14274155,0.13023747,0.07598945,0.00100013,0.00291996,0.00949868
0.00000000,0.00327126,0.05464163,0.14973893,0.17017384,0.09932792,0.02132088,0.01868395,0.09017992,0.10523088,0.12901569,0.08978150,0.03545965,0.01628292,0.01203657,0.00485447
0.00000000,0.01753432,0.07695779,0.09175002,0.17907452,0.11108926,0.01444513,0.02787211,0.08400391,0.12850788,0.13602258,0.04757580,0.05327980,0.01272120,0.01670707,0.00245862
0.00000000,0.00000000,0.00701705,0.12209817,0.18680078,0.09915826,0.01016499,0.00161404,0.10058914,0.13745631,0.21365177,0.04572719,0.07118927,0.00000000,0.00000000,0.00453304
0.00000000,0.00385473,0.03816726,0.13666841,0.17094604,0.10237915,0.01970799,0.01876563,0.10208830,0.12858279,0.14973339,0.04845559,0.05758827,0.01564384,0.00464584,0.00277277
0.00000000,0.01910590,0.05483816,0.10862119,0.17935524,0.10263944,0.01417522,0.00763343,0.10844263,0.13057999,0.13481267,0.06525550,0.04588988,0.02406905,0.00424080,0.00034089
0.00000000,0.04398114,0.04768571,0.09922110,0.17797742,0.09650242,0.01449393,0.00550991,0.14370585,0.11133352,0.10473101,0.11278889,0.01233862,0.02866349,0.00000000,0.00106699
0.00000000,0.08962962,0.10344336,0.05358907,0.17552938,0.11399409,0.00662431,0.00623117,0.15179883,0.07659232,0.09830805,0.11098170,0.00652602,0.00494366,0.00180842,0.00000000
0.00000000,0.14083248,0.16334755,0.04657744,0.14145021,0.12937785,0.00261803,0.10493308,0.08899544,0.03880571,0.10271511,0.03261068,0.00550669,0.00222974,0.00000000,0.00000000
0.00000000,0.22806755,0.22654116,0.07007161,0.09517467,0.10875502,0.00000000,0.21027467,0.05200189,0.00000000,0.00475873,0.00435469,0.00000000,0.00000000,0.00000000,0.00000000
0.00000000,0.00006950,0.01266043,0.12304437,0.15394060,0.10360392,0.02708536,0.01016618,0.09359604,0.15047723,0.13356577,0.11568132,0.05451436,0.02062580,0.00096913,0.00000000
0.00000000,0.00065681,0.04304458,0.13055417,0.17095965,0.09583838,0.02505757,0.02211381,0.08602980,0.11793240,0.15838141,0.08110771,0.03415395,0.02552841,0.00395271,0.00468865
0.00000000,0.01874613,0.05165675,0.11332001,0.16894780,0.09228098,0.02388024,0.02231010,0.09628940,0.13006816,0.11551738,0.09630187,0.04750709,0.01592154,0.00725255,0.00000000
0.00000000,0.04304136,0.04002369,0.10200447,0.16506426,0.09414887,0.02278609,0.01868503,0.08795123,0.15908154,0.11811922,0.08267029,0.05005044,0.01180754,0.00440809,0.00015790
0.00000000,0.00120678,0.04466676,0.13767959,0.15099746,0.11035594,0.02360109,0.02097919,0.10660194,0.11133474,0.13371332,0.09086657,0.04263055,0.01520863,0.00737043,0.00278700
0.00000000,0.00417121,0.07221046,0.14914288,0.16286331,0.10291134,0.01899316,0.03374627,0.10417485,0.09978496,0.13712738,0.05155286,0.02865578,0.02497459,0.00513099,0.00455998
0.00000000,0.01952884,0.08711958,0.13616552,0.16148882,0.09062497,0.02308491,0.02893005,0.10465922,0.10869253,0.10266579,0.06930543,0.03981789,0.01726089,0.00842561,0.00222994
0.00000000,0.04479756,0.07873362,0.12067100,0.15323757,0.09778055,0.02770382,0.02561593,0.09876837,0.13903993,0.09711602,0.04801246,0.04077894,0.01466012,0.01078518,0.00229892
0.00000000,0.02102179,0.05702377,0.11930918,0.14327748,0.11555381,0.01735309,0.01599950,0.10705266,0.13107874,0.09621575,0.09774265,0.05815863,0.01313552,0.00707742,0.00000000
0.00000000,0.02039801,0.09042820,0.13004635,0.16730450,0.09076413,0.02150785,0.03269975,0.08456011,0.10661649,0.12175873,0.07749713,0.03577837,0.01133648,0.00764979,0.00165412
0.00000000,0.04094560,0.10365579,0.11283648,0.15396917,0.09514773,0.01878455,0.03534186,0.10733074,0.10083611,0.10421260,0.06335164,0.03586303,0.02143497,0.00219161,0.00409812
0.00000000,0.06759739,0.09103463,0.09485463,0.15735077,0.10053005,0.01333441,0.04780457,0.06620700,0.15068357,0.07751989,0.07200106,0.03822847,0.01416484,0.00467416,0.00401456
0.00000000,0.04510996,0.04770961,0.09936230,0.15441286,0.11259607,0.01228289,0.01253588,0.10595301,0.14293690,0.11084262,0.08561384,0.05352828,0.01627396,0.00069789,0.00014394
0.00000000,0.04719662,0.08355582,0.10838309,0.16841051,0.09555680,0.01739938,0.02698753,0.11506684,0.11745711,0.09007270,0.07607833,0.03763101,0.01080133,0.00323814,0.00216478
0.00000000,0.06791436,0.09761653,0.07990036,0.17076382,0.09908459,0.01208545,0.02288753,0.11437136,0.11323006,0.09220365,0.07937470,0.03324446,0.00951398,0.00397323,0.00383590
0.00000000,0.09042491,0.09689395,0.06402274,0.16543339,0.09877549,0.01379286,0.01849669,0.10952855,0.14044236,0.08470950,0.06917167,0.02646287,0.01645331,0.00507306,0.00031865
0.00000000,0.07944512,0.10115033,0.08396407,0.14765131,0.09268682,0.02322000,0.03050420,0.12061385,0.11041189,0.08393866,0.09853757,0.02029716,0.00583041,0.00159612,0.00015250
0.00000000,0.09066265,0.13749736,0.11035722,0.14750053,0.08573769,0.02215705,0.03463327,0.14474741,0.06002959,0.09256500,0.04334707,0.01383428,0.00694356,0.00693828,0.00304904
0.00000000,0.11889864,0.15143168,0.07542112,0.15051350,0.08794124,0.01512730,0.03300914,0.15429391,0.04954204,0.09182933,0.02176993,0.02948945,0.01002063,0.00766850,0.00304360
0.00000000,0.15313866,0.16015056,0.04746236,0.14964789,0.08331714,0.01607576,0.02660272,0.15782540,0.08552088,0.05607698,0.02513356,0.01050874,0.02590457,0.00252550,0.00010928
0.00000000,0.00537391,0.04626408,0.13490380,0.14767726,0.10388764,0.02941550,0.02310821,0.08262634,0.13417298,0.11560459,0.10762515,0.05350079,0.00775305,0.00529050,0.00279618
0.00000000,0.01886096,0.06927986,0.09141990,0.15949631,0.10376464,0.02848852,0.01865130,0.07623217,0.13238316,0.09912698,0.13185062,0.04467842,0.02078144,0.00220142,0.00278428
0.00000000,0.00639789,0.04723938,0.13453070,0.13786395,0.10656231,0.02067105,0.02547353,0.07082041,0.15759485,0.13029800,0.10939497,0.04235550,0.00319895,0.00221403,0.00538448
0.00000000,0.00006357,0.01419654,0.12725185,0.16018358,0.11667860,0.03862730,0.04131405,0.09154437,0.13226089,0.11834405,0.09595166,0.05367563,0.00836960,0.00127133,0.00026698
0.00000000,0.01750675,0.04535798,0.12822593,0.15717526,0.10274120,0.02277311,0.03551996,0.07578637,0.16479468,0.10733526,0.07831423,0.04082666,0.00887887,0.00713985,0.00762391
0.00000000,0.00573996,0.02088083,0.13956078,0.14997969,0.10139317,0.02682152,0.03294860,0.09261835,0.09861161,0.12986355,0.12606400,0.04687552,0.01741104,0.00124740,0.00998399
0.00000000,0.00156085,0.04793674,0.14600232,0.15262621,0.11641964,0.04024489,0.05295654,0.08803462,0.11437021,0.10932447,0.06912281,0.02437263,0.03071981,0.00502413,0.00128414
0.00000000,0.02416611,0.06383853,0.11914973,0.15189342,0.12301832,0.03383986,0.06248658,0.07845878,0.11652805,0.09366365,0.06556958,0.04099697,0.01967179,0.00511092,0.00160772
0.00000000,0.04613155,0.10260634,0.12069857,0.15685886,0.09393464,0.02627117,0.03783666,0.11664050,0.10912824,0.07390517,0.07766854,0.01273944,0.01233846,0.00301457,0.01022730
0.00000000,0.03456927,0.07495583,0.12608846,0.15468363,0.10343079,0.02166982,0.05921307,0.08128012,0.09561168,0.07665973,0.08059020,0.04382572,0.03279220,0.00953347,0.00509601
0.00000000,0.04922395,0.05365920,0.10136596,0.15180173,0.12396874,0.03120668,0.05325688,0.09849638,0.11781272,0.09275722,0.08575777,0.01945691,0.01721748,0.00176440,0.00225398
0.00000000,0.07499615,0.09199938,0.10984533,0.15390268,0.09546272,0.02474179,0.04357947,0.11460870,0.11306202,0.07796619,0.05917990,0.01590874,0.01158728,0.01019989,0.00295977
0.00000000,0.06243986,0.06609757,0.10882520,0.15361803,0.10054190,0.02535634,0.05192255,0.08582104,0.10273653,0.09366542,0.07915276,0.03151255,0.02331366,0.01289201,0.00210459
0.00000000,0.09185885,0.10789962,0.09436088,0.14541861,0.10138739,0.03862267,0.07489353,0.12535031,0.06339456,0.07240305,0.05613115,0.01320359,0.01253908,0.00220734,0.00032937
0.00000000,0.12709963,0.16044359,0.10395764,0.12145478,0.08836712,0.02462352,0.05412924,0.13977708,0.10059449,0.02996206,0.01422776,0.01089586,0.00449462,0.01298377,0.00698885
0.00000000,0.11347059,0.14219228,0.09233836,0.15502011,0.07638263,0.02120785,0.07616265,0.11897020,0.03391194,0.07882996,0.03565119,0.01409961,0.03162960,0.00435844,0.00577458
0.00000000,0.00242184,0.07844839,0.17310445,0.13863986,0.10184432,0.02692191,0.05741522,0.06986519,0.12222318,0.12121901,0.05829672,0.02319601,0.00142675,0.01616677,0.00881039
0.00000000,0.01856631,0.09419744,0.14548794,0.15113037,0.08875283,0.03242747,0.03414657,0.09381594,0.15523267,0.07980878,0.05907121,0.01803881,0.00827054,0.01655520,0.00449793
0.00000000,0.00488520,0.12577891,0.19188243,0.12655724,0.09134446,0.03478699,0.05033079,0.08096514,0.10149944,0.10260742,0.01997573,0.03180185,0.00905615,0.01480668,0.01372159
0.00000000,0.02406335,0.13369541,0.18204781,0.12269859,0.09936036,0.03099279,0.03592455,0.07592128,0.13608206,0.07159459,0.05006675,0.00661250,0.01567407,0.01319619,0.00206971
0.00000000,0.03233380,0.11036747,0.18885901,0.11627114,0.10045982,0.02676136,0.05397572,0.05117002,0.11390870,0.09775154,0.04112111,0.03017594,0.02379978,0.00494895,0.00809563
0.00000000,0.05719243,0.13667539,0.15445608,0.13110529,0.08439358,0.01891703,0.05261155,0.07826546,0.09141454,0.09852682,0.04168442,0.02484223,0.00790365,0.00882186,0.01318967
0.00000000,0.00560377,0.07559272,0.18033667,0.13459344,0.09365727,0.03486243,0.04000967,0.08095927,0.11101016,0.12423183,0.07270579,0.02297904,0.01074205,0.00567538,0.00704052
0.00000000,0.00003745,0.01673360,0.09734977,0.17835444,0.10355642,0.05233990,0.02157815,0.06901265,0.13707043,0.08778236,0.12993700,0.02174666,0.02938561,0.01618596,0.03892961
0.00000000,0.00314560,0.05638591,0.11430626,0.17498861,0.09726438,0.05543648,0.03629912,0.08248579,0.10803903,0.10527704,0.05209907,0.01875375,0.02901053,0.03443861,0.03206982
0.00000000,0.02790760,0.07100567,0.09245681,0.16871319,0.10668886,0.04830241,0.04407195,0.07295343,0.12724856,0.07045432,0.05647991,0.03698684,0.01890565,0.03231325,0.02551154
0.00000000,0.05507274,0.06376902,0.07514364,0.16662407,0.10747825,0.05009391,0.02751136,0.09713717,0.11455752,0.09000233,0.05387248,0.03656883,0.01600338,0.01391405,0.03225125
0.00000000,0.10114607,0.14500229,0.04832736,0.17046893,0.07625178,0.06439384,0.04103483,0.09920678,0.09251353,0.04384949,0.04055000,0.01152800,0.00245778,0.05041479,0.01285453
0.00000000,0.00000000,0.02034643,0.12318929,0.16378538,0.11100079,0.03916140,0.04199711,0.09556426,0.10696600,0.15327979,0.06709777,0.06601650,0.00393802,0.00387491,0.00378235
0.00000000,0.00056423,0.05723475,0.13380960,0.17813647,0.10683501,0.03264729,0.05319398,0.09742971,0.06595429,0.15948646,0.05357158,0.04104999,0.00553381,0.00597217,0.00858065
0.00000000,0.02132065,0.06621487,0.11162899,0.17832271,0.10296391,0.03352016,0.04965545,0.10103023,0.08321210,0.13687172,0.05639597,0.03058772,0.01289728,0.00796731,0.00741092
0.00000000,0.04920395,0.05312498,0.10673345,0.17862237,0.09674472,0.03168740,0.04097025,0.10903483,0.10974071,0.11732654,0.05288808,0.03299280,0.01243032,0.00690412,0.00159549
0.00000000,0.02012159,0.05832210,0.11431856,0.16014590,0.10412291,0.02348182,0.02716481,0.10990162,0.14123135,0.10834531,0.08460263,0.02189897,0.01894109,0.00449652,0.00290483
0.00000000,0.04733525,0.10665741,0.10524463,0.16392549,0.10005641,0.02508764,0.05468362,0.08048970,0.11878897,0.11145024,0.02930186,0.02541552,0.01945099,0.00463371,0.00747856
0.00000000,0.07636279,0.09638393,0.09398180,0.16627233,0.09900255,0.02168613,0.04731050,0.08977035,0.12475064,0.10914714,0.02674811,0.01944895,0.02140777,0.00636099,0.00136601
0.00000000,0.00741585,0.06572217,0.15328281,0.17182242,0.09253973,0.04991401,0.05788846,0.05898369,0.11769467,0.10088366,0.05660411,0.04365936,0.00835272,0.00135473,0.01388162
0.00000000,0.00778171,0.09808597,0.18628781,0.16385281,0.08207658,0.07948268,0.04012360,0.07156899,0.09523723,0.08334623,0.02626669,0.02902442,0.01133581,0.01296042,0.01256906
0.00000000,0.02883516,0.11056547,0.16678774,0.16385289,0.08546425,0.06448442,0.05353926,0.06979718,0.08713024,0.07206370,0.03203638,0.03421088,0.01311482,0.01165223,0.00646539
0.00000000,0.05759042,0.10665819,0.15562698,0.15872660,0.09457749,0.06660797,0.04401982,0.07211957,0.10936189,0.06693617,0.02944379,0.01494069,0.01659208,0.00537094,0.00142739
0.00000000,0.01798915,0.08421641,0.14064327,0.15509700,0.11241121,0.03364464,0.06227729,0.06472739,0.12552810,0.07721546,0.08079745,0.02182267,0.00875702,0.01103477,0.00383818
0.00000000,0.01986682,0.12175434,0.17051356,0.15738718,0.08522564,0.06013701,0.04004982,0.08881863,0.09882629,0.07734502,0.02493533,0.01925362,0.01881288,0.00923637,0.00783750
0.00000000,0.04198777,0.13894191,0.14305546,0.16027519,0.08609356,0.05470608,0.05565536,0.09621411,0.07183395,0.06320877,0.03483755,0.03176005,0.01111066,0.00440445,0.00591514
0.00000000,0.07323225,0.13345680,0.13502300,0.15562541,0.08248108,0.05600954,0.05599855,0.11120575,0.09390610,0.03360462,0.03784711,0.01646984,0.00725398,0.00653958,0.00134638
0.00000000,0.04518096,0.08991949,0.12249859,0.16250656,0.08981253,0.04224928,0.06855662,0.07475545,0.09143638,0.09249626,0.08057020,0.02313743,0.01109469,0.00347134,0.00231423
0.00000000,0.04583273,0.13486712,0.16331173,0.14620981,0.08950135,0.04643526,0.07118433,0.08887874,0.08141234,0.05304305,0.05081869,0.00620108,0.01453612,0.00244528,0.00532238
0.00000000,0.07397137,0.14255585,0.13749834,0.14677929,0.08112731,0.04998008,0.05964884,0.07253699,0.09316015,0.07203761,0.02025128,0.01569315,0.01862565,0.00964220,0.00649189
0.00000000,0.10560588,0.14597904,0.11822214,0.14095893,0.07615075,0.07854893,0.05067155,0.07527869,0.11133741,0.03853723,0.01732655,0.01733802,0.00945502,0.01458987,0.00000000
0.00000000,0.03852390,0.05849458,0.11573674,0.14670246,0.11805225,0.04401899,0.05974699,0.08014485,0.09555247,0.11440180,0.08761565,0.03043660,0.00341259,0.00547567,0.00168445
0.00000000,0.03910095,0.10334756,0.13430457,0.15650434,0.10224159,0.03810055,0.08402833,0.06867550,0.07856385,0.08986985,0.07951901,0.00938564,0.00444398,0.01047149,0.00144278
0.00000000,0.07342728,0.10783665,0.10527635,0.15673839,0.10107853,0.03522547,0.08453259,0.08094283,0.06134053,0.08026008,0.07505414,0.01610856,0.01000651,0.00973981,0.00243229
0.00000000,0.09520020,0.11381966,0.08996561,0.15586689,0.09202308,0.05026002,0.05124329,0.10304925,0.08133223,0.09338714,0.03832448,0.00857654,0.01760209,0.00757055,0.00177897
0.00000000,0.00480442,0.07512895,0.16298761,0.15408622,0.10382563,0.06030824,0.03763388,0.04852330,0.09782122,0.13679837,0.06936186,0.02656088,0.00330892,0.00980138,0.00904915
0.00000000,0.01576635,0.10780351,0.16121468,0.16905960,0.10166890,0.04571928,0.05320863,0.05544103,0.12946593,0.05756092,0.04576428,0.02093779,0.01277331,0.01290834,0.01070744
0.00000000,0.04050506,0.12229287,0.14731985,0.16563527,0.08019946,0.04877669,0.04355920,0.07519407,0.08044926,0.07652789,0.07821993,0.00951120,0.01429979,0.00858270,0.00892676
0.00000000,0.02087282,0.08632039,0.15412555,0.13690348,0.10858909,0.03203051,0.05083052,0.07454179,0.12622198,0.11050317,0.04938796,0.02188588,0.01587287,0.00583561,0.00607837
0.00000000,0.02581466,0.12661899,0.17356027,0.13945827,0.08720014,0.05021680,0.04661279,0.08086965,0.11209502,0.08900214,0.02413936,0.01616642,0.00935728,0.01256241,0.00632579
0.00000000,0.05740177,0.13378810,0.16255443,0.12827045,0.09210361,0.02991920,0.05711481,0.07341103,0.09620661,0.09161527,0.03505928,0.02812697,0.00463665,0.00920784,0.00058399
0.00000000,0.01425972,0.09813583,0.21754436,0.14160253,0.08022753,0.07747735,0.03893806,0.05964697,0.11027332,0.08169888,0.04569894,0.01370968,0.00484033,0.00277769,0.01316881
0.00000000,0.01512100,0.13813505,0.24085073,0.13870774,0.07119435,0.07162387,0.04820340,0.05546832,0.10339922,0.05509884,0.02691206,0.01170331,0.00358396,0.00883059,0.01116756
0.00000000,0.04567031,0.13965971,0.20446238,0.13918403,0.07992429,0.06204372,0.04906016,0.06807735,0.08840141,0.06170824,0.02518101,0.01950289,0.00419099,0.00836196,0.00457154
0.00000000,0.01674285,0.11665956,0.19051751,0.14091860,0.08816151,0.07233091,0.04382790,0.07906871,0.07994130,0.10701147,0.02756596,0.01123958,0.00879533,0.01473490,0.00248391
0.00000000,0.01573359,0.15379836,0.21967400,0.13931243,0.07599224,0.06483342,0.06644686,0.09429632,0.06928292,0.05396522,0.00893407,0.01060765,0.00992619,0.00672436,0.01047236
0.00000000,0.05309232,0.16889848,0.20559086,0.12493508,0.05909439,0.07745932,0.04305318,0.10469082,0.04369569,0.06475914,0.02507911,0.01529697,0.00827225,0.00330890,0.00277348
0.00000000,0.02027557,0.07097601,0.10976566,0.17231235,0.10477631,0.03519750,0.06122788,0.06126016,0.08373989,0.13825843,0.07732567,0.05125379,0.00788981,0.00101908,0.00472190
0.00000000,0.04362500,0.10774046,0.10338924,0.15811549,0.11042379,0.03340675,0.05429946,0.05946500,0.10555749,0.10045573,0.06335019,0.03004646,0.01231782,0.01034089,0.00746624
0.00000000,0.02398877,0.12100022,0.16371580,0.15696106,0.08300601,0.08662640,0.03436886,0.04871650,0.08697356,0.10858676,0.03545002,0.03057490,0.00514293,0.00859470,0.00629352
0.00000000,0.03385652,0.14184290,0.15482253,0.14233811,0.10212730,0.06397552,0.04372416,0.08304881,0.06791111,0.07850854,0.04676838,0.02117922,0.00920564,0.01069126,0.00000000
0.00000000,0.00000000,0.01520449,0.14657183,0.15346281,0.12582038,0.02682031,0.08818327,0.08792462,0.10553079,0.12709974,0.06706233,0.03657945,0.00717271,0.00113156,0.01143570
0.00000000,0.01669496,0.05119689,0.14630805,0.16274486,0.10711484,0.03347432,0.06101629,0.10225479,0.12530406,0.08123591,0.08321667,0.00526713,0.00984918,0.00763014,0.00669189
0.00000000,0.01064883,0.03657226,0.13625947,0.16961379,0.10871648,0.04581854,0.06774602,0.07455767,0.08507418,0.10678466,0.09804119,0.02526715,0.01026776,0.01584092,0.00879110
0.00000000,0.02023703,0.05376847,0.13888219,0.15014304,0.11277592,0.03237433,0.06115917,0.12754255,0.09549812,0.08039174,0.08450808,0.01661308,0.01776526,0.00673091,0.00161010
0.00000000,0.03774553,0.10525286,0.13163085,0.14478018,0.10008195,0.04270495,0.03934227,0.14706427,0.10647950,0.06390673,0.03100431,0.02018135,0.01083353,0.00354244,0.01544928
0.00000000,0.03418935,0.08474431,0.12614436,0.16310134,0.10190475,0.03474402,0.09133172,0.04639780,0.10225928,0.09952024,0.04694675,0.02601799,0.03040960,0.01160231,0.00068619
0.00000000,0.00310906,0.06555108,0.18071177,0.15731357,0.10931365,0.05668022,0.09197310,0.08645702,0.07987784,0.08396476,0.03258499,0.01939654,0.01684912,0.00526535,0.01095192
0.00000000,0.02137702,0.10337307,0.19436575,0.14690223,0.09499118,0.06595392,0.06303523,0.11734645,0.05586679,0.07712086,0.01491955,0.00167317,0.02056449,0.00859037,0.01391992
0.00000000,0.01674988,0.09021873,0.17275263,0.16515299,0.11981643,0.06283050,0.06563634,0.06893065,0.02748479,0.10224297,0.05553757,0.00884353,0.00262977,0.00415765,0.03701558
0.00000000,0.01484991,0.08376079,0.16545619,0.15379588,0.09679106,0.06265196,0.09733486,0.10532453,0.07615283,0.07777377,0.01351132,0.02655205,0.01233483,0.00388503,0.00982499
0.00000000,0.03330517,0.13169548,0.17939094,0.13426396,0.08847927,0.07572759,0.05117679,0.12367820,0.10169588,0.03562984,0.00437152,0.01270631,0.01704948,0.00062936,0.01020021
0.00000000,0.02966678,0.11985719,0.16540171,0.15255380,0.10205469,0.06292806,0.09753728,0.04672245,0.07532666,0.02379536,0.06085151,0.01966654,0.00921091,0.01909579,0.01533128
0.00000000,0.04707505,0.09354741,0.16008774,0.14094823,0.09936256,0.05454624,0.06092608,0.10453158,0.08863357,0.06493316,0.03617232,0.02323346,0.00925755,0.00950731,0.00723772
0.00000000,0.06281842,0.15124692,0.16345748,0.15021847,0.07461285,0.03788009,0.06327616,0.13063044,0.07008887,0.04093571,0.00706834,0.01879143,0.01251375,0.01566448,0.00079660
0.00000000,0.05947737,0.13259401,0.16119822,0.14767368,0.06393881,0.07206501,0.08121096,0.05444232,0.05757170,0.08657744,0.01055449,0.03029955,0.01551307,0.00243467,0.02444869
0.00000000,0.03433598,0.05719216,0.15463166,0.12488433,0.12010516,0.03624111,0.13676693,0.05558096,0.08857246,0.09791850,0.05896665,0.02564856,0.00071306,0.00059331,0.00784916
0.00000000,0.07305761,0.08981384,0.14077701,0.14266040,0.10681726,0.04037503,0.07759539,0.11028975,0.08422843,0.07841937,0.03603148,0.00653299,0.00616808,0.00072393,0.00650944
0.00000000,0.06850788,0.07914162,0.12232956,0.15181081,0.10866768,0.05432104,0.08777793,0.07257956,0.06665770,0.09243859,0.04653619,0.01615227,0.01236228,0.00962862,0.01108828
0.00000000,0.00000000,0.02557479,0.11862766,0.18654580,0.11982874,0.04430547,0.06506557,0.06295332,0.12662107,0.08261070,0.07533172,0.03080364,0.02187317,0.00851630,0.03134205
0.00000000,0.02401517,0.07476557,0.10915066,0.17369773,0.11776517,0.03970747,0.07195015,0.04476624,0.14404052,0.07277459,0.02424511,0.03247263,0.04558507,0.02200736,0.00305658
