0.03147948,0.35794387,0.61057665,0.00000000
0.24394428,0.43867808,0.31737765,0.00000000
0.46296245,0.27401968,0.21271997,0.05029791
0.65811523,0.18265241,0.15923237,0.00000000
0.02758706,0.40350257,0.56891036,0.00000000
0.25188626,0.30479351,0.40962785,0.03369238
0.27126707,0.29747203,0.34211182,0.08914908
0.28440342,0.28017576,0.36550510,0.06991572
0.79785269,0.00034774,0.20179957,0.00000000
0.12594334,0.42493241,0.38482426,0.06429999
0.32133988,0.31963258,0.30054182,0.05848572
0.64754579,0.02096052,0.33149370,0.00000000
0.05673669,0.45855264,0.32032057,0.16439010
0.09611647,0.33489553,0.52471164,0.04427636
0.19457343,0.32199290,0.42616138,0.05727228
0.19656732,0.31983503,0.42119187,0.06240578
0.19293546,0.32241477,0.41427623,0.07037354
0.40770222,0.23629748,0.32368390,0.03231641
0.23052078,0.28625048,0.45669661,0.02653212
0.22494503,0.30127173,0.41429964,0.05948360
0.11974520,0.41194945,0.42436485,0.04394049
0.22131287,0.32769138,0.40572006,0.04527570
0.14495753,0.34670256,0.40205133,0.10628858
0.32358419,0.38186928,0.27216209,0.02238443
0.34994537,0.37058776,0.26435982,0.01510705
0.38525494,0.35077051,0.22814633,0.03582823
0.26870143,0.37381942,0.32801339,0.02946575
0.31782340,0.34054463,0.28533228,0.05629969
0.37016470,0.30624481,0.24916929,0.07442121
0.06445376,0.40451995,0.38603907,0.14498723
0.14027623,0.37504821,0.37525083,0.10942474
0.23652780,0.33985164,0.33731687,0.08630368
0.27790661,0.28829468,0.36904086,0.06475785
0.12577228,0.30831713,0.48717900,0.07873160
0.18394898,0.31893059,0.42862399,0.06849644
0.18551527,0.31690024,0.40448327,0.09310122
0.19392897,0.30375278,0.44363011,0.05868815
0.28486137,0.28943458,0.40240860,0.02329544
0.47505617,0.21694942,0.28084809,0.02714632
0.21105347,0.28408239,0.49127331,0.01359084
0.13871395,0.37337968,0.42963589,0.05827049
0.21173842,0.30807670,0.43245917,0.04772571
0.25245416,0.40160461,0.28592686,0.06001437
0.27144661,0.37634636,0.29670954,0.05549750
0.29230593,0.38879403,0.28026403,0.03863602
0.21692670,0.41759536,0.34620773,0.01927020
0.37765148,0.36980730,0.22521386,0.02732735
0.37329870,0.36742266,0.22500393,0.03427472
0.45851202,0.32797758,0.16315696,0.05035344
0.34932517,0.41320656,0.22698521,0.01048306
0.12004210,0.31053760,0.48264492,0.08677538
0.17713562,0.32754626,0.42425668,0.07106144
0.19752321,0.30446395,0.42422315,0.07378969
0.19077895,0.29862538,0.44805191,0.06254376
0.26038118,0.31400607,0.34391067,0.08170208
0.27138408,0.31488961,0.34437389,0.06935242
0.27740902,0.30273156,0.35964054,0.06021888
0.26857109,0.32475253,0.33424690,0.07242948
0.27916036,0.30945559,0.34148289,0.06990116
0.29283236,0.29162929,0.34666444,0.06887391
0.19042677,0.31395591,0.44390519,0.05171212
0.18042516,0.31859028,0.44018103,0.06080353
0.13369779,0.37296952,0.42942271,0.06390998
0.20105970,0.32345745,0.42027083,0.05521203
0.15893720,0.32558907,0.42560683,0.08986690
0.21537455,0.36615183,0.36347985,0.05499377
0.21106614,0.38527333,0.35856237,0.04509816
0.31016622,0.31840279,0.32446501,0.04696597
0.24662809,0.35360831,0.31573413,0.08402947
0.22195401,0.38635025,0.34551491,0.04618083
0.32527081,0.30463525,0.32357232,0.04652163
0.26568374,0.32523040,0.32444522,0.08464064
0.28026835,0.33769341,0.33385638,0.04818186
0.29203666,0.31918058,0.35372964,0.03505311
0.36193622,0.33619362,0.27377250,0.02809766
0.39035171,0.30408328,0.27702115,0.02854387
0.39730712,0.29365897,0.26268887,0.04634505
0.43916500,0.26734830,0.25479445,0.03869226
0.28026705,0.31765141,0.34886291,0.05321863
0.23171436,0.35441744,0.32507527,0.08879292
0.30043852,0.32459372,0.33255065,0.04241711
0.28941523,0.31356668,0.31569844,0.08131965
0.10037400,0.36465243,0.42165487,0.11331870
0.19131858,0.37428043,0.31332549,0.12107551
0.18476615,0.38490059,0.30591523,0.12441803
0.20698754,0.38436242,0.31130147,0.09734857
0.16576582,0.40086212,0.38043412,0.05293794
0.24025420,0.37913347,0.34572597,0.03488635
0.20331950,0.40376240,0.35990701,0.03301109
0.34367182,0.33756011,0.30113696,0.01763111
0.30933652,0.37871032,0.27524654,0.03670663
0.19958813,0.45837820,0.20711708,0.13491659
0.27565465,0.38419586,0.28389478,0.05625470
0.15131125,0.46253662,0.28773626,0.09841587
0.24134593,0.40173121,0.26144209,0.09548076
0.14523708,0.54581118,0.28665745,0.02229428
0.09141817,0.60043367,0.30090629,0.00724188
0.12569227,0.41580599,0.36959037,0.08891137
0.19888158,0.41785117,0.35426902,0.02899823
0.33796947,0.35995784,0.25724962,0.04482307
0.26027538,0.34227340,0.36027879,0.03717243
0.28341408,0.32865859,0.31950396,0.06842338
0.07509928,0.40302073,0.38163170,0.14024829
0.16987374,0.32704718,0.40752172,0.09555736
0.22446968,0.35416193,0.32858739,0.09278100
0.22776302,0.35240392,0.33843569,0.08139737
0.22195491,0.36323178,0.34837770,0.06643560
0.20802438,0.33809811,0.38366422,0.07021330
0.21668196,0.32397719,0.39444862,0.06489223
0.21588239,0.31742513,0.38125063,0.08544185
0.12973992,0.34480714,0.43604473,0.08940822
0.20765182,0.30950658,0.41420798,0.06863362
0.18624213,0.33248101,0.39611017,0.08516669
0.12911522,0.29773806,0.49742441,0.07572231
0.17869040,0.31179881,0.42886006,0.08065073
0.18256526,0.30380332,0.43909081,0.07454061
0.19088795,0.29448369,0.47255927,0.04206910
0.24666205,0.30237895,0.43768090,0.01327810
0.35075746,0.37837917,0.26312693,0.00773643
0.52468032,0.41420437,0.06111531,0.00000000
0.13577430,0.29479606,0.49332036,0.07610928
0.17425555,0.31396941,0.44345132,0.06832372
0.18372289,0.30741911,0.43817681,0.07068118
0.18506952,0.30068424,0.44782227,0.06642397
0.18355314,0.30593369,0.44251656,0.06799662
0.22552454,0.31851408,0.39264005,0.06332133
0.24281394,0.30412876,0.38532296,0.06773433
0.24420218,0.30433787,0.38293678,0.06852317
0.19735474,0.29218389,0.43208980,0.07837157
0.24087256,0.31227623,0.39043245,0.05641876
0.25743787,0.30324331,0.37573109,0.06358773
0.25348664,0.31901980,0.36641153,0.06108203
0.19218187,0.29182769,0.44534637,0.07064407
0.23913553,0.30835423,0.39867498,0.05383526
0.24543125,0.30482139,0.39917978,0.05056757
0.25134160,0.29649842,0.40385209,0.04830788
0.26455952,0.29406233,0.41350196,0.02787619
0.33851723,0.29002854,0.34068907,0.03076517
0.34575143,0.28659117,0.31743522,0.05022218
0.36075158,0.27564352,0.32455682,0.03904808
0.18654179,0.30408862,0.44002907,0.06934051
0.17956072,0.31040078,0.43959293,0.07044557
0.18816797,0.29057084,0.46810823,0.05315296
0.14151195,0.35680353,0.43810097,0.06358355
0.19109065,0.31820953,0.42623054,0.06446928
0.16618157,0.31114297,0.44715750,0.07551796
0.19549990,0.36224728,0.38085211,0.06140070
0.20715437,0.37123818,0.35422005,0.06738740
0.26943646,0.31490133,0.37734245,0.03831977
0.23561356,0.33899731,0.33414173,0.09124740
0.20424911,0.36023403,0.39482409,0.04069277
0.27684086,0.31768666,0.36481681,0.04065567
0.23736262,0.33143883,0.36137575,0.06982280
0.29411935,0.36032220,0.31727908,0.02827937
0.39150085,0.28857466,0.28456138,0.03536310
0.34800124,0.32877324,0.26736328,0.05586223
0.25397467,0.32482132,0.37160409,0.04959992
0.25825170,0.30645723,0.38792860,0.04736247
0.32254653,0.30301948,0.30504773,0.06938626
0.33980657,0.28897629,0.33366468,0.03755246
0.33156028,0.29746805,0.30395137,0.06702030
0.34832390,0.28702745,0.30989124,0.05475741
0.26153316,0.30312280,0.38890704,0.04643700
0.11412082,0.35582891,0.42380244,0.10624784
0.17383778,0.36398859,0.34790093,0.11427270
0.19137008,0.36777641,0.32713622,0.11371729
0.19398540,0.35170758,0.35556951,0.09873751
0.29447572,0.35214938,0.27611980,0.07725510
0.14353572,0.35594468,0.42290782,0.07761178
0.19160858,0.37081275,0.37644204,0.06113662
0.19916450,0.36446224,0.37751002,0.05886323
0.20906238,0.34802473,0.38899015,0.05392273
0.19276224,0.31491544,0.44408091,0.04824141
0.25923729,0.34375316,0.34003076,0.05697878
0.26672852,0.33427150,0.35041625,0.04858373
0.22642082,0.37216463,0.33416611,0.06724844
0.29215549,0.36553566,0.27641914,0.06588971
0.30618837,0.36734081,0.26102749,0.06544333
0.31987560,0.36393188,0.27786142,0.03833110
0.24284883,0.36343014,0.34826839,0.04545264
0.31213471,0.34279966,0.28992527,0.05514037
0.32398514,0.35673019,0.26609438,0.05319029
0.34171205,0.35011458,0.27656359,0.03160978
0.25759904,0.36312499,0.33925828,0.04001770
0.34401157,0.35333076,0.27415281,0.02850486
0.35402555,0.33753553,0.25798603,0.05045289
0.36980706,0.34633016,0.24247988,0.04138291
0.21275522,0.36852069,0.37771478,0.04100931
0.27675308,0.38087482,0.31662821,0.02574389
0.28654029,0.37757497,0.29759758,0.03828716
0.29898548,0.34939328,0.31609310,0.03552815
0.24292098,0.35585396,0.35250475,0.04872031
0.28478455,0.36965641,0.28823217,0.05732688
0.31011778,0.33817063,0.31039115,0.04132044
0.26131876,0.32835361,0.36065490,0.04967274
0.32599392,0.32348801,0.30610617,0.04441191
0.35374430,0.30740806,0.29629219,0.04255544
0.32993991,0.33824547,0.29731811,0.03449651
0.39410678,0.32972936,0.24087844,0.03528542
0.38979240,0.33021220,0.24336802,0.03662738
0.32391992,0.34523892,0.29358744,0.03725372
0.38920595,0.34658496,0.22647853,0.03773055
0.42758167,0.30454197,0.23822476,0.02965160
0.20101724,0.37351403,0.36058415,0.06488458
0.25475470,0.35624549,0.32882841,0.06017140
0.30870479,0.36096233,0.27972683,0.05060604
0.33052195,0.35216510,0.27623684,0.04107611
0.16177632,0.39428677,0.38761749,0.05631942
0.21419990,0.36435032,0.39201144,0.02943834
0.18348056,0.39189482,0.36445769,0.06016693
0.21288769,0.35645246,0.38794050,0.04271935
0.27462923,0.32690935,0.34845481,0.05000661
0.24507803,0.39108183,0.29512406,0.06871608
0.24937192,0.41528054,0.28288461,0.05246293
0.31911584,0.37088256,0.26525365,0.04474796
0.27972123,0.41343625,0.25419599,0.05264653
0.26406689,0.41057376,0.27276245,0.05259690
0.34439159,0.34964761,0.26537543,0.04058536
0.31492568,0.41507383,0.20669597,0.06330451
0.30071020,0.35578312,0.29427064,0.04923605
0.37752281,0.32598758,0.24872336,0.04776625
0.35326960,0.36488846,0.20914595,0.07269598
0.24615979,0.41799754,0.30103857,0.03480410
0.30364847,0.36744807,0.30896902,0.01993443
0.26997907,0.40257745,0.27821205,0.04923144
0.14420244,0.41574558,0.34751681,0.09253517
0.20793140,0.40312051,0.28582645,0.10312163
0.26034257,0.44049149,0.22972787,0.06943807
0.27352037,0.43388870,0.21265196,0.07993897
0.30673993,0.42248952,0.18968878,0.08108177
0.24011429,0.44390091,0.25132343,0.06466137
0.13289506,0.40074847,0.39398217,0.07237430
0.20289737,0.38145069,0.37655797,0.03909396
0.20523153,0.39501322,0.35691921,0.04283604
0.29850469,0.36829122,0.30321370,0.02999039
0.27076618,0.40816327,0.30585430,0.01521626
0.41710247,0.38273311,0.18235453,0.01780989
0.23984902,0.34811599,0.37444200,0.03759300
0.24770501,0.33620645,0.34493326,0.07115527
0.18430994,0.29589857,0.43787248,0.08191900
0.21466121,0.33292508,0.36185780,0.09055591
0.22987896,0.32202084,0.37366593,0.07443427
0.23709366,0.30179385,0.39617288,0.06493961
0.27910044,0.35999707,0.31661006,0.04429244
0.20720311,0.31568381,0.41169695,0.06541613
0.21358654,0.31270357,0.41589947,0.05781042
0.13250513,0.34117741,0.43073921,0.09557825
0.19078319,0.33794406,0.40548699,0.06578575
0.19011711,0.34069662,0.39550044,0.07368584
0.18690305,0.32798770,0.42204868,0.06306056
0.20364959,0.31015779,0.42494218,0.06125044
0.25608122,0.31733935,0.36683024,0.05974919
0.26377448,0.30619187,0.35622561,0.07380804
0.26612724,0.29952579,0.37644668,0.05790030
0.18662490,0.30742134,0.44140299,0.06455076
0.25326384,0.32137239,0.37072099,0.05464279
0.25617751,0.31465523,0.36541560,0.06375165
0.25890086,0.30494289,0.38852887,0.04762738
0.19708935,0.31019343,0.41514934,0.07756788
0.17840862,0.32629110,0.41793124,0.07736904
0.20335527,0.30663520,0.41981613,0.07019340
0.19671860,0.33589698,0.41271648,0.05466794
0.26285530,0.32668363,0.37100737,0.03945370
0.27307968,0.33287148,0.35923862,0.03481023
0.27052817,0.33236870,0.33274466,0.06435847
0.26093803,0.34197148,0.34581432,0.05127617
0.16455451,0.31845018,0.41972695,0.09726835
0.21982779,0.32812324,0.36479334,0.08725563
0.21666552,0.32942760,0.37981074,0.07409614
0.21893280,0.31954121,0.38727297,0.07425301
0.27022994,0.36233720,0.29413814,0.07329472
0.26719614,0.35747808,0.30013560,0.07519019
0.27254803,0.34542808,0.31499823,0.06702565
0.28610744,0.34930361,0.30266192,0.06192703
0.28884500,0.33884253,0.31402894,0.05828354
0.30412771,0.31239683,0.32957847,0.05389698
0.19022173,0.33176113,0.38751224,0.09050489
0.18942976,0.33410758,0.41256105,0.06390161
0.19265387,0.32621312,0.39244322,0.08868980
0.12904291,0.30215674,0.45891635,0.10988401
0.17402463,0.31338688,0.41731398,0.09527451
0.18185359,0.30911802,0.41319891,0.09582948
0.18544902,0.29862480,0.44568128,0.07024490
0.23914356,0.30819699,0.36575863,0.08690083
0.23149079,0.30579404,0.39700587,0.06570930
0.24259786,0.30152347,0.38160454,0.07427413
0.24422155,0.30921860,0.37019527,0.07636458
0.25112566,0.30098438,0.37874595,0.06914401
0.25011545,0.29717373,0.39063350,0.06207732
0.18447151,0.30498223,0.42614792,0.08439834
0.24075834,0.30452382,0.41372844,0.04098941
0.24907857,0.29438181,0.40740709,0.04913253
0.25071620,0.29276869,0.39926532,0.05724979
0.18309643,0.31190259,0.41810841,0.08689257
0.24353756,0.30551974,0.39295567,0.05798702
0.25212747,0.30648082,0.36439613,0.07699557
0.25039092,0.29499189,0.39568507,0.05893213
0.25533840,0.31939456,0.36205490,0.06321214
0.16527635,0.32491727,0.44901006,0.06079632
0.16046726,0.33344370,0.44183677,0.06425227
0.13769240,0.35068267,0.44270629,0.06891864
0.19723718,0.32831936,0.42127211,0.05317135
0.14963271,0.33150655,0.42952648,0.08933426
0.19413720,0.35893410,0.37979247,0.06713623
0.20410290,0.35798004,0.37708676,0.06083030
0.25538206,0.31099792,0.37326431,0.06035571
0.22001122,0.33082859,0.34628428,0.10287591
0.20841143,0.34566240,0.37725175,0.06867442
0.27024568,0.30070113,0.38091528,0.04813790
0.23071709,0.32091002,0.36522611,0.08314678
0.19773440,0.35162681,0.40481451,0.04582428
0.25980507,0.30661002,0.38009756,0.05348734
0.21564700,0.33097142,0.36433679,0.08904478
0.20556709,0.35372151,0.36540082,0.07531058
0.26839786,0.31477225,0.35117822,0.06565167
0.22198356,0.33065158,0.35392173,0.09344313
0.23652455,0.34511545,0.37973784,0.03862216
0.23907373,0.33673252,0.37372125,0.05047251
0.23521450,0.32733368,0.37889694,0.05855488
0.31453038,0.32323627,0.31984502,0.04238832
0.33815409,0.29095015,0.33744506,0.03345070
0.32236210,0.32286176,0.27511512,0.07966102
0.35390222,0.29372787,0.29145528,0.06091463
0.19085582,0.36675391,0.36586450,0.07652577
0.23996920,0.33928405,0.36948067,0.05126608
0.22924034,0.33334620,0.35612599,0.08128748
0.11319197,0.36002547,0.39396184,0.13282072
0.18170003,0.35920788,0.34290824,0.11618385
0.17892325,0.35682112,0.34136721,0.12288843
0.18028319,0.36691292,0.33712223,0.11568167
0.18076948,0.35234587,0.35244450,0.11444015
0.18357250,0.36358671,0.31567979,0.13716101
0.14766357,0.41289646,0.37928440,0.06015557
0.21594895,0.36783853,0.37943659,0.03677593
0.17718211,0.37819636,0.35669323,0.08792831
0.27104048,0.33133662,0.34605930,0.05156359
0.23803651,0.33177683,0.33829350,0.09189316
0.19032988,0.33696804,0.32724901,0.14545306
0.24993401,0.39405584,0.31442132,0.04158883
0.26722849,0.38041807,0.30218292,0.05017052
0.30209004,0.38825989,0.27312115,0.03652892
0.32486448,0.36296085,0.26578009,0.04639459
0.34515562,0.34310617,0.25987578,0.05186244
0.29965393,0.37352273,0.27143079,0.05539256
0.32855430,0.32623110,0.28239698,0.06281762
0.23030583,0.40336916,0.30018920,0.06613581
0.29228041,0.36957539,0.29786402,0.04028017
0.35114318,0.32266477,0.25547884,0.07071320
0.13296396,0.41503442,0.34598754,0.10601408
0.19423286,0.36574958,0.32613285,0.11388471
0.16266068,0.36071714,0.31787318,0.15874900
0.11982617,0.40537771,0.30000542,0.17479070
0.12609082,0.39267495,0.39973365,0.08150058
0.20977754,0.36296004,0.36888051,0.05838190
0.18408234,0.38843655,0.35760888,0.06987224
0.26501513,0.37422522,0.30556239,0.05519727
0.18933847,0.38631669,0.34649503,0.07784981
0.27027723,0.38421406,0.29384075,0.05166796
0.19582382,0.38162929,0.35818645,0.06436045
0.27993092,0.37513797,0.29778510,0.04714602
0.23013879,0.33898569,0.37929161,0.05158391
0.25427093,0.30900168,0.36960630,0.06712109
0.31890859,0.31383282,0.30523399,0.06202461
0.31222934,0.33713131,0.29144847,0.05919088
0.34128948,0.30717675,0.28777645,0.06375732
0.32032414,0.34184180,0.28113623,0.05669783
0.35965380,0.29378314,0.28351066,0.06305240
0.24863407,0.33931346,0.37914563,0.03290684
0.31537753,0.32994317,0.32137515,0.03330416
0.33465541,0.30737971,0.30752606,0.05043882
0.37720037,0.32581647,0.26511974,0.03186342
0.39870135,0.31560590,0.24237596,0.04331678
0.42727214,0.26892957,0.24343556,0.06036272
0.19129340,0.38107270,0.35015420,0.07747970
0.28502817,0.37165656,0.29088984,0.05242543
0.31962224,0.32277350,0.30567718,0.05192708
0.34893399,0.29140316,0.29670678,0.06295607
0.24112379,0.32847593,0.38513410,0.04526617
0.24424237,0.34170558,0.31998860,0.09406345
0.15262041,0.41918153,0.36318543,0.06501262
0.24513358,0.39837133,0.31023145,0.04626364
0.21109687,0.37023244,0.36811660,0.05055409
0.16888918,0.41317185,0.36341236,0.05452662
0.27052811,0.39891559,0.28535829,0.04519801
0.24728969,0.40064443,0.31182802,0.04023786
0.30763545,0.35592604,0.29151512,0.04492339
0.28395721,0.39307564,0.28248178,0.04048537
0.26377968,0.38539433,0.28486121,0.06596478
0.28636030,0.37502258,0.29999575,0.03862136
0.36196883,0.33579656,0.27080847,0.03142614
0.33509820,0.35167022,0.25382527,0.05940631
0.22418804,0.38235133,0.32903072,0.06442990
0.13754290,0.43156644,0.35426852,0.07662214
0.23538614,0.42567328,0.25625284,0.08268774
0.26018233,0.41584125,0.23146965,0.09250677
0.29218511,0.38237768,0.22753473,0.09790248
0.11807182,0.38529319,0.44531610,0.05131890
0.17395415,0.40334355,0.36693957,0.05576273
0.18852761,0.39520915,0.34765198,0.06861127
0.18603783,0.39441706,0.36516621,0.05437890
0.14474934,0.41595060,0.36192733,0.07737273
0.20434660,0.39674915,0.31260643,0.08629781
0.15401207,0.46141165,0.35440859,0.03016769
0.12465828,0.48827497,0.37233743,0.01472933
0.15294925,0.33454996,0.42306319,0.08943760
0.20651539,0.33094504,0.38147914,0.08106044
0.22319036,0.32612389,0.35044018,0.10024557
0.22144618,0.32758268,0.36957045,0.08140068
0.20252588,0.35269894,0.36071342,0.08406177
0.21185363,0.33726270,0.37163528,0.07924839
0.19616100,0.33084087,0.39660368,0.07639444
0.25041624,0.33086942,0.35769285,0.06102149
0.26070728,0.33448456,0.33235299,0.07245517
0.26844776,0.32017805,0.34384139,0.06753280
0.20816013,0.31664982,0.40113372,0.07405633
0.26257983,0.30752959,0.37266042,0.05723015
0.27299434,0.31402678,0.35373915,0.05923974
0.28204802,0.30621688,0.35504785,0.05668724
0.17859385,0.33350775,0.41039959,0.07749881
0.17129050,0.38069897,0.36447404,0.08353649
0.21772479,0.36026147,0.35351768,0.06849605
0.18866659,0.36765499,0.35773977,0.08593864
0.22847317,0.35735396,0.35250947,0.06166340
0.28037161,0.32890800,0.33681153,0.05390885
0.24800284,0.34516509,0.32245583,0.08437624
0.23332321,0.35867421,0.35240855,0.05559403
0.29143076,0.31567690,0.33670420,0.05618814
0.27426060,0.31993959,0.34488317,0.06091663
0.27585079,0.34000093,0.31980180,0.06434648
0.28211504,0.32417947,0.32671018,0.06699530
0.26368772,0.33092008,0.32547231,0.07991989
0.16470672,0.39465628,0.35521723,0.08541977
0.21923159,0.39325903,0.31377130,0.07373808
0.23552050,0.38563671,0.32311657,0.05572622
0.11991128,0.33923226,0.50456282,0.03629364
0.18114212,0.32864867,0.45180718,0.03840203
0.19061781,0.31417941,0.44454052,0.05066226
0.26270331,0.29971258,0.39257219,0.04501192
0.15130517,0.38240598,0.42832732,0.03796153
0.24874320,0.35030332,0.35040359,0.05054989
0.26373576,0.33849402,0.35203855,0.04573167
0.21706472,0.37294652,0.36382411,0.04616465
0.26187587,0.32887877,0.36839704,0.04084832
0.29486767,0.37563449,0.30634781,0.02315003
0.33944860,0.33200189,0.28880663,0.03974289
0.21114550,0.37367700,0.37701932,0.03815819
0.21160095,0.37473218,0.36529648,0.04837039
0.16283248,0.43723996,0.36065160,0.03927596
0.23817720,0.38688080,0.34664412,0.02829789
0.23067589,0.43166984,0.31907966,0.01857460
0.24989289,0.42900946,0.29987147,0.02122618
0.30486823,0.41611001,0.25780621,0.02121554
0.27012287,0.41302305,0.29777042,0.01908366
0.28404781,0.41189846,0.27067063,0.03338311
0.34146199,0.41677318,0.20210447,0.03966036
0.33741910,0.42786950,0.21695945,0.01775195
0.25067291,0.40944353,0.33326811,0.00661544
0.27056560,0.42815576,0.27592153,0.02535711
0.31812740,0.41459123,0.25501528,0.01226608
0.28883525,0.37782244,0.31050961,0.02283270
0.30400560,0.40975320,0.25828922,0.02795198
0.32590808,0.36566244,0.27621512,0.03221436
0.35355554,0.40628714,0.21827577,0.02188155
0.33696281,0.36649117,0.26556772,0.03097831
0.35465316,0.33190921,0.27815181,0.03528582
0.14895403,0.27860354,0.49961711,0.07282532
0.17844790,0.30038778,0.45112816,0.07003616
0.18887434,0.29014813,0.45193109,0.06904644
0.18898134,0.28148533,0.46525542,0.06427791
0.18374976,0.29913575,0.43939369,0.07772080
0.21808481,0.31583084,0.39732455,0.06875980
0.22594946,0.32014711,0.38360796,0.07029547
0.22756029,0.31047241,0.40108391,0.06088339
0.19086125,0.30009783,0.44105185,0.06798907
0.22327790,0.31284602,0.39848383,0.06539225
0.23188395,0.32004328,0.38249424,0.06557853
0.23636905,0.31162109,0.39564247,0.05636739
0.20274233,0.27482090,0.46510482,0.05733195
0.22714052,0.30361667,0.41641466,0.05282816
0.23765191,0.30092460,0.40863991,0.05278358
0.24144795,0.29240484,0.41841683,0.04773038
0.25377815,0.28360048,0.40853037,0.05409099
0.28902238,0.30690059,0.38205178,0.02202525
0.30162117,0.30983780,0.36171028,0.02683074
0.30282853,0.30368115,0.37135833,0.02213200
0.31394434,0.29910857,0.37608797,0.01085912
0.39047400,0.32016234,0.27579607,0.01356760
0.39224346,0.33776981,0.23651976,0.03346698
0.41244293,0.32987103,0.23445035,0.02323569
0.18853947,0.29395738,0.44253218,0.07497097
0.18735498,0.29484850,0.45143127,0.06636524
0.15419796,0.32715943,0.44627251,0.07237010
0.19519400,0.30433914,0.42965568,0.07081119
0.17310478,0.30901412,0.42159912,0.09628198
0.18748705,0.34711878,0.39875278,0.06664139
0.19820832,0.35141738,0.38058673,0.06978757
0.24743977,0.32623616,0.37053503,0.05578904
0.22749837,0.31976318,0.36101074,0.09172770
0.20085832,0.35183028,0.40137513,0.04593628
0.25199615,0.31208401,0.39861810,0.03730174
0.21983575,0.32999428,0.38407226,0.06609770
0.26817300,0.35394607,0.35799177,0.01988916
0.33249009,0.31993892,0.32440424,0.02316676
0.29535537,0.33213921,0.31799388,0.05451153
0.34500861,0.37892195,0.25656734,0.01950209
0.43361030,0.34796281,0.19679824,0.02162865
0.39159656,0.38413763,0.18514096,0.03912485
0.13433899,0.33007445,0.40630084,0.12928572
0.17227912,0.35920056,0.35854454,0.10997578
0.18405256,0.35215689,0.35794353,0.10584702
0.18237511,0.35120208,0.38135294,0.08506986
0.25511213,0.35865755,0.30963326,0.07659706
0.35287526,0.39924403,0.17656246,0.07131825
0.13217955,0.30066559,0.47310439,0.09405046
0.17673322,0.29911866,0.44931866,0.07482946
0.18302023,0.29560778,0.44462436,0.07674764
0.18021200,0.29305355,0.45437212,0.07236233
0.17074430,0.31191710,0.42571593,0.09162267
0.21794971,0.30891358,0.39280773,0.08032898
0.22898343,0.29137061,0.40591121,0.07373475
0.22784815,0.30267813,0.39734203,0.07213169
0.18385383,0.29931014,0.43135109,0.08548494
0.22326706,0.30404225,0.40819000,0.06450069
0.23834027,0.29439888,0.39722406,0.07003680
0.23632708,0.29943436,0.39231661,0.07192196
0.18296631,0.29841014,0.43838579,0.08023776
0.22970721,0.29863920,0.39969026,0.07196333
0.23567802,0.29750516,0.39193703,0.07487979
0.24613748,0.28490567,0.39936105,0.06959580
0.23243721,0.30363748,0.40691722,0.05700808
0.29822575,0.29363927,0.36207865,0.04605633
0.30850238,0.30001234,0.34707345,0.04441182
0.31637957,0.29237938,0.34787286,0.04336819
0.17556979,0.30134481,0.44759569,0.07548971
0.22079684,0.31563758,0.41882282,0.04474276
0.22969881,0.30087453,0.40046821,0.06895844
0.22198433,0.30670929,0.42188287,0.04942352
0.30071192,0.29505883,0.36808839,0.03614086
0.17581782,0.30891361,0.42663101,0.08863756
0.22278134,0.30769943,0.39023148,0.07928775
0.23053890,0.30632890,0.39038109,0.07275112
0.23348571,0.30746068,0.38235225,0.07670135
0.31005068,0.28955032,0.34741028,0.05298872
0.16684882,0.31289860,0.44422378,0.07602879
0.16653037,0.31758815,0.42603079,0.08985069
0.17940986,0.29346035,0.47769913,0.04943066
0.23229469,0.28708427,0.41745717,0.06316387
0.23773918,0.28239085,0.43447920,0.04539078
0.24159465,0.28228268,0.41430671,0.06181596
0.14226824,0.33685345,0.45556319,0.06531512
0.18812535,0.30768502,0.43633135,0.06785829
0.15674825,0.31514400,0.43200942,0.09609833
0.17871077,0.35233054,0.40224303,0.06671566
0.18821304,0.34545087,0.40528558,0.06105051
0.24396532,0.30346450,0.38473443,0.06783576
0.21943111,0.31591430,0.37553416,0.08912043
0.19818844,0.33861186,0.39705114,0.06614856
0.24469182,0.29910657,0.40584937,0.05035224
0.21818110,0.31039320,0.39210460,0.07932110
0.25905434,0.34055008,0.35744705,0.04294853
0.31910169,0.30854087,0.33826642,0.03409102
0.29711433,0.32032193,0.33240455,0.05015918
0.21570563,0.34930145,0.38771274,0.04728018
0.22618726,0.33263848,0.39634696,0.04482730
0.21557509,0.33075664,0.38000296,0.07366530
0.18539787,0.35511759,0.39443869,0.06504585
0.22426026,0.33839663,0.38595897,0.05138414
0.21806656,0.32218067,0.38246632,0.07728646
0.19828875,0.32363749,0.44198036,0.03609339
0.24967523,0.29197436,0.42087212,0.03747830
0.21216792,0.30990892,0.40255480,0.07536835
0.28281208,0.31715930,0.36361069,0.03641792
0.30188251,0.28901003,0.36923294,0.03987453
0.12785316,0.34244469,0.43361478,0.09608737
0.17966267,0.35354703,0.35427322,0.11251708
0.18593465,0.34704376,0.34726389,0.11975770
0.18525104,0.33831685,0.37324906,0.10318305
0.25285535,0.34501124,0.31610817,0.08602524
0.18551226,0.31935504,0.39970114,0.09543156
0.13899022,0.34883089,0.43494197,0.07723692
0.18573943,0.34774569,0.38756226,0.07895262
0.19481708,0.33746782,0.41317773,0.05453737
0.19583676,0.33624405,0.40429094,0.06362826
0.17851026,0.33126667,0.43495776,0.05526531
0.24124636,0.34827800,0.35101922,0.05945642
0.24120222,0.31552737,0.38885246,0.05441795
0.21028582,0.35807391,0.37072274,0.06091753
0.26340949,0.36102048,0.32033618,0.05523385
0.27006068,0.36010575,0.33080855,0.03902502
0.27680294,0.35291263,0.29950861,0.07077582
0.22591755,0.35160901,0.36543447,0.05703896
0.28399902,0.34478407,0.31770098,0.05351593
0.28537677,0.36787881,0.28005380,0.06669063
0.29446133,0.34966400,0.30505928,0.05081539
0.24088823,0.34283008,0.36102827,0.05525342
0.29687883,0.34201999,0.30882867,0.05227252
0.30176165,0.34894106,0.29065487,0.05864242
0.31057679,0.33838195,0.29707828,0.05396297
0.20097970,0.35989170,0.39153638,0.04759222
0.25720785,0.35784689,0.33445123,0.05049403
0.25977720,0.36351285,0.31643416,0.06027579
0.26653095,0.35575176,0.33348330,0.04423399
0.18875698,0.34504286,0.40205594,0.06414423
0.23861293,0.32954229,0.38577262,0.04607216
0.26161357,0.35275361,0.32666382,0.05896900
0.27677724,0.33551894,0.33465538,0.05304845
0.30059672,0.34303878,0.32751355,0.02885095
0.25632283,0.35718955,0.34282901,0.04365861
0.19370665,0.35305857,0.38135491,0.07187987
0.23656134,0.34205491,0.35167673,0.06970701
0.26775207,0.35701861,0.30516010,0.07006922
0.28624720,0.33782796,0.30997616,0.06594868
0.30456216,0.34863237,0.29132456,0.05548091
0.25700006,0.36150872,0.32380342,0.05768779
0.21443820,0.35974865,0.38462382,0.04118933
0.21703132,0.36753871,0.35850819,0.05692178
0.27887616,0.34259321,0.33980073,0.03872990
0.27267283,0.35461676,0.33018661,0.04252380
0.27099579,0.34247471,0.32993744,0.05659207
0.27558545,0.34706216,0.32119592,0.05615646
0.34459531,0.31826595,0.29675719,0.04038155
0.34116717,0.33242681,0.28290474,0.04350128
0.27704853,0.34585539,0.29489207,0.08220402
0.29955122,0.32257803,0.31372001,0.06415074
0.34384078,0.32944016,0.24970931,0.07700975
0.36094409,0.32170640,0.26603539,0.05131411
0.17781808,0.36770363,0.38608098,0.06839731
0.22108643,0.35624856,0.36547578,0.05718923
0.26417195,0.35403724,0.33492868,0.04686212
0.27883655,0.35743067,0.32136247,0.04237031
0.14328513,0.40067096,0.39677970,0.05926421
0.18994230,0.37068354,0.37804438,0.06132979
0.17005527,0.36774828,0.38723413,0.07496232
0.20666048,0.35730183,0.37607449,0.05996319
0.24955575,0.33501369,0.36632880,0.04910176
0.22797612,0.34701638,0.35562808,0.06937943
0.22704830,0.40355080,0.30540895,0.06399195
0.29464125,0.36381407,0.28392456,0.05762012
0.26805995,0.37116400,0.28646132,0.07431474
0.25028398,0.38294124,0.30797787,0.05879690
0.29317760,0.35140051,0.30919337,0.04622853
0.27542768,0.36269148,0.29174276,0.07013809
0.25941267,0.37684449,0.30346243,0.06028041
0.22920237,0.39888780,0.31906527,0.05284456
0.27992639,0.36209241,0.31696775,0.04101344
0.24708178,0.36924003,0.31989401,0.06378417
0.22642947,0.39542232,0.31154254,0.06660567
0.24160321,0.37458509,0.34248100,0.04133069
0.21956375,0.40495848,0.32205094,0.05342683
0.25674920,0.38679249,0.29990249,0.05655582
0.27358506,0.37174924,0.31538740,0.03927829
0.23456336,0.39569704,0.32128378,0.04845582
0.28239038,0.36550678,0.29797151,0.05413132
0.28090809,0.35960513,0.30874772,0.05073906
0.29256064,0.39112127,0.28293888,0.03337921
0.33571182,0.38373180,0.24383595,0.03672043
0.34105259,0.37586454,0.24571603,0.03736683
0.28358431,0.41429352,0.26802754,0.03409463
0.33514642,0.37459676,0.23542062,0.05483619
0.35628317,0.35482867,0.24911940,0.03976877
0.25757108,0.37543030,0.29978159,0.06721702
0.27593837,0.36163062,0.29529445,0.06713657
0.31556482,0.38582058,0.24698243,0.05163217
0.33294594,0.36982510,0.24702913,0.05019983
0.21378307,0.38119670,0.35773993,0.04728030
0.25335329,0.38074865,0.32421686,0.04168120
0.25301515,0.37396405,0.33080231,0.04221850
0.34848854,0.36899544,0.22308326,0.05943276
0.29292171,0.35146252,0.28167907,0.07393670
0.34260497,0.35329886,0.23331218,0.07078399
0.36441211,0.35513304,0.22208774,0.05836711
0.14041656,0.39799587,0.36930136,0.09228621
0.19116543,0.37356833,0.34419499,0.09107125
0.22793031,0.39361610,0.27996854,0.09848504
0.23429618,0.39302489,0.27836922,0.09430971
0.25695403,0.38381217,0.25381151,0.10542229
0.20838364,0.40647947,0.29402853,0.09110837
0.14721408,0.35767674,0.40925585,0.08585332
0.20188386,0.34472541,0.39122163,0.06216910
0.18434433,0.36708861,0.36715261,0.08141445
0.24678182,0.35286548,0.34068387,0.05966883
0.18983188,0.36699914,0.37204566,0.07112332
0.27184697,0.33642585,0.33342675,0.05830043
0.18626120,0.36961560,0.38515623,0.05896698
0.27234257,0.33212153,0.34194113,0.05359478
0.24197525,0.36774886,0.33475936,0.05551652
0.34085399,0.35124777,0.26917562,0.03872262
0.22497369,0.32595362,0.37117192,0.07790077
0.23735980,0.30709212,0.36535977,0.09018831
0.28901906,0.31637874,0.32231428,0.07228793
0.28468616,0.32222472,0.32580960,0.06727952
0.30406070,0.30958311,0.31629769,0.07005850
0.28918285,0.33391708,0.32488267,0.05201740
0.30935252,0.31158343,0.31392674,0.06513731
0.36495460,0.33232123,0.25662126,0.04610291
0.40483942,0.29622543,0.24640374,0.05253140
0.22827930,0.32813729,0.40081109,0.04277232
0.28450896,0.31630172,0.36972906,0.02946026
0.29688403,0.30155181,0.36310983,0.03845433
0.28666840,0.31075571,0.35126140,0.05131449
0.33735830,0.30122549,0.31789216,0.04352405
0.35185730,0.29576551,0.30912550,0.04325170
0.29061984,0.29568988,0.35050408,0.06318620
0.34620079,0.29234859,0.30790357,0.05354705
0.37271318,0.27794595,0.28637358,0.06296729
0.23287988,0.31599859,0.40618694,0.04493459
0.14839077,0.39660118,0.38518680,0.06982125
0.22165101,0.39012707,0.34322936,0.04499257
0.18719566,0.36727253,0.37983300,0.06569882
0.24461005,0.37368562,0.33167457,0.05002977
0.26856290,0.35524205,0.33347371,0.04272133
0.22745798,0.41543531,0.29852315,0.05858356
0.28729085,0.41400964,0.27077746,0.02792205
0.29932623,0.40678413,0.25043333,0.04345630
0.22498093,0.39863027,0.32667402,0.04971478
0.28770555,0.42103050,0.25707995,0.03418400
0.32062915,0.38045434,0.26674506,0.03217145
0.24953490,0.37939692,0.33372666,0.03734152
0.30991591,0.38367272,0.27260449,0.03380689
0.34716812,0.35031822,0.27442935,0.02808431
0.21440081,0.40550833,0.33597466,0.04411620
0.30529558,0.38831499,0.27118037,0.03520906
0.23638147,0.36345735,0.34929987,0.05086132
0.26009896,0.34802973,0.34223791,0.04963339
0.31288648,0.32472652,0.31707049,0.04531650
0.31602999,0.38991484,0.25088321,0.04317196
0.34484826,0.35686734,0.25248570,0.04579869
0.33467019,0.37864531,0.24608970,0.04059480
0.36656183,0.35063066,0.24502414,0.03778338
0.34994524,0.37527211,0.23291811,0.04186454
0.38645845,0.35072623,0.22798605,0.03482926
0.31130957,0.38064732,0.25245890,0.05558421
0.34225546,0.36975149,0.24876033,0.03923272
0.12794475,0.35839886,0.44937447,0.06428192
0.17075074,0.37612644,0.38659197,0.06653085
0.18874716,0.36663112,0.37392486,0.07069686
0.18654394,0.35406295,0.38786391,0.07152920
0.26276063,0.36897695,0.32633677,0.04192566
0.14561009,0.42315969,0.37829380,0.05293643
0.19410946,0.38403688,0.32588572,0.09596794
0.22629662,0.41919498,0.29195490,0.06255350
0.24518767,0.40612981,0.28021721,0.06846530
0.26214236,0.40669923,0.26194298,0.06921543
0.22104256,0.40576293,0.30284437,0.07035014
0.13346623,0.37092707,0.43037390,0.06523279
0.18267715,0.36494599,0.39421975,0.05815711
0.18941863,0.36075249,0.38821001,0.06161887
0.18802671,0.37817971,0.38808036,0.04571322
0.19148399,0.35927316,0.40279649,0.04644636
0.24022049,0.36911891,0.35681108,0.03384952
0.24580900,0.37655642,0.33034636,0.04728823
0.25033621,0.37511189,0.33305554,0.04149636
0.25829845,0.36560894,0.34610807,0.02998453
0.32151924,0.36768386,0.28502944,0.02576747
0.32884294,0.37859394,0.25524744,0.03731568
0.33959922,0.37426849,0.24894910,0.03718319
0.19519162,0.36161279,0.37949037,0.06370522
0.25871892,0.36359039,0.33077539,0.04691530
0.33608648,0.35506368,0.26743527,0.04141457
0.22830801,0.33333816,0.38628003,0.05207380
0.22442783,0.34619606,0.34314067,0.08623544
0.15233113,0.39050964,0.40716356,0.04999567
0.19974775,0.35561904,0.41527083,0.02936238
0.16969048,0.38353546,0.39530302,0.05147105
0.24115827,0.37399507,0.36036856,0.02447810
0.21576908,0.41574996,0.32420538,0.04427559
0.21426386,0.39549213,0.35023500,0.04000901
0.25722906,0.37409100,0.34583420,0.02284573
0.23769101,0.38540853,0.34069414,0.03620631
0.31593536,0.39127742,0.27019934,0.02258787
0.29320762,0.39814975,0.26275930,0.04588333
0.29735091,0.39755075,0.27360162,0.03149672
0.35665639,0.35342477,0.25723429,0.03268455
0.32724281,0.37879476,0.25790728,0.03605516
0.21167345,0.36968676,0.36384727,0.05479252
0.14218203,0.39924800,0.37526415,0.08330582
0.20539645,0.40726296,0.31678433,0.07055625
0.29331702,0.41349447,0.23637674,0.05681177
0.14585507,0.28299141,0.50246623,0.06868730
0.18681822,0.29031266,0.45202803,0.07084109
0.19586446,0.29017222,0.43814054,0.07582278
0.19575385,0.27936397,0.45624525,0.06863693
0.24685833,0.29634692,0.41561138,0.04118337
0.22081966,0.30720911,0.40336059,0.06861063
0.22623947,0.31060519,0.39925328,0.06390206
0.23285969,0.29496311,0.40400116,0.06817604
0.29306077,0.30878288,0.35573093,0.04242542
0.23829940,0.31074265,0.38434102,0.06661694
0.25086300,0.29372398,0.39846417,0.05694884
0.30616507,0.31078661,0.34211037,0.04093794
0.25227275,0.28944447,0.39958703,0.05869575
0.30733370,0.30835392,0.34931375,0.03499863
0.41713321,0.30802132,0.24908040,0.02576508
0.18879255,0.28596857,0.46224814,0.06299074
0.15177430,0.33968599,0.43578236,0.07275735
0.18829288,0.32081047,0.43175283,0.05914383
0.21600788,0.35186137,0.37794101,0.05418974
0.22785673,0.34858957,0.37132892,0.05222478
0.23519896,0.35027862,0.36762184,0.04690058
0.20172442,0.34657628,0.40756471,0.04413458
0.18935096,0.34353218,0.39654260,0.07057426
0.26881572,0.35009833,0.31805845,0.06302750
0.28202497,0.35855863,0.31013633,0.04928008
0.29671304,0.35096532,0.30516113,0.04716051
0.24732671,0.35573331,0.33455608,0.06238389
0.19714990,0.34899086,0.39303748,0.06082176
0.24480642,0.33158555,0.36993080,0.05367722
0.27960067,0.36161575,0.30037508,0.05840849
0.28214829,0.37211121,0.29719731,0.04854319
0.29635117,0.36760959,0.28204139,0.05399786
0.25989139,0.35797347,0.32395465,0.05818049
0.19760278,0.34221463,0.40857956,0.05160303
0.24465358,0.32198846,0.38237063,0.05098733
0.27762103,0.35988972,0.30881943,0.05366982
0.28940857,0.35985850,0.30161837,0.04911456
0.30460333,0.36255342,0.28438151,0.04846173
0.26510481,0.35132552,0.34124097,0.04232869
0.25906535,0.35688967,0.35281218,0.03123280
0.33118804,0.33482181,0.29467551,0.03931464
0.37075754,0.34175612,0.24576633,0.04172001
0.39130991,0.32708115,0.24747035,0.03413859
0.41562981,0.33805732,0.21081351,0.03549936
0.35045063,0.34104472,0.28119124,0.02731341
0.23131999,0.33651466,0.38332964,0.04883571
0.23468622,0.33101800,0.38948039,0.04481538
0.29163057,0.32558503,0.34298432,0.03980009
0.28681202,0.33872609,0.34177821,0.03268368
0.27706053,0.34308973,0.33270079,0.04714895
0.29153447,0.32214113,0.32421551,0.06210890
0.34281316,0.32654528,0.29082856,0.03981300
0.34411614,0.32708644,0.28536167,0.04343575
0.28966164,0.31894320,0.34469005,0.04670510
0.30125724,0.32261509,0.32797754,0.04815013
0.33726078,0.33061423,0.28670082,0.04542417
0.35028649,0.32386842,0.28320086,0.04264423
0.15494873,0.38914860,0.41315563,0.04274705
0.19666893,0.36751677,0.38291600,0.05289830
0.24088192,0.39309448,0.32146184,0.04456176
0.25059605,0.38147429,0.32901339,0.03891627
0.25696272,0.37991596,0.32731307,0.03580825
0.22322898,0.40419229,0.33889145,0.03368728
0.24690392,0.32756558,0.37485870,0.05067180
0.27149954,0.37056592,0.32204998,0.03588457
0.29494472,0.35808667,0.30783938,0.03912924
0.31860194,0.33789946,0.29101461,0.05248399
0.27020590,0.37275912,0.32341061,0.03362437
0.32025294,0.40140598,0.24527718,0.03306390
0.32266826,0.42147216,0.22166301,0.03419657
0.36102602,0.38867907,0.20532212,0.04497280
0.31373834,0.41960480,0.23467623,0.03198063
0.34639428,0.38711344,0.23356539,0.03292688
0.37940976,0.36688802,0.21951970,0.03418253
0.32753368,0.39702225,0.24282975,0.03261433
0.41317538,0.33958692,0.20202453,0.04521316
0.35110698,0.37567825,0.23913692,0.03407784
0.30027736,0.41585626,0.23832503,0.04554135
0.14016159,0.36621441,0.43668226,0.05694173
0.18893328,0.36628126,0.39581301,0.04897246
0.24205142,0.38492422,0.33232816,0.04069620
0.26954003,0.36016610,0.32633179,0.04396209
0.33382212,0.38083689,0.26443144,0.02090955
0.45982687,0.35126798,0.17750549,0.01139966
0.15346530,0.31166704,0.46264851,0.07221916
0.19068619,0.32226689,0.40924848,0.07779844
0.19281860,0.32654430,0.41337432,0.06726279
0.18666046,0.31624941,0.43708126,0.06000887
0.24188594,0.31112090,0.39541735,0.05157581
0.20102308,0.29522395,0.43640876,0.06734422
0.23956140,0.31100603,0.38598693,0.06344564
0.23605883,0.32363928,0.37500045,0.06530144
0.22272694,0.32548873,0.39320958,0.05857475
0.30261607,0.30066515,0.35931076,0.03740802
0.19935945,0.28937557,0.44175207,0.06951291
0.24705976,0.30003290,0.38927232,0.06363502
0.24540106,0.30772881,0.39449569,0.05237444
0.24452216,0.30037571,0.40526000,0.04984212
0.30730571,0.30119890,0.35180818,0.03968722
0.20101120,0.30205768,0.41876270,0.07816841
0.19059761,0.31084048,0.42590550,0.07265641
0.18060130,0.29602998,0.44076952,0.08259920
0.21805328,0.31636596,0.38942689,0.07615387
0.22663477,0.30677101,0.39285217,0.07374206
0.22650314,0.29090605,0.41811152,0.06447929
0.21556888,0.31656350,0.37891682,0.08895079
0.25034070,0.33719749,0.34249243,0.06996938
0.25723583,0.32872967,0.34348599,0.07054850
0.26182807,0.32750975,0.33626361,0.07439857
0.21953674,0.31736623,0.39281723,0.07027980
0.26045118,0.32861064,0.34331846,0.06761973
0.26911687,0.32665418,0.34279597,0.06143297
0.27211064,0.32145314,0.34079910,0.06563711
0.22576582,0.30673645,0.39866002,0.06883771
0.26144144,0.32627221,0.34263068,0.06965567
0.27408983,0.32081677,0.34563683,0.05945657
0.27447208,0.30711923,0.35970265,0.05870604
0.26594199,0.32355047,0.35264241,0.05786513
0.32641116,0.33192334,0.29837318,0.04329231
0.33742988,0.33701603,0.28424524,0.04130886
0.34376206,0.32281566,0.29245863,0.04096365
0.19076988,0.32751127,0.41047234,0.07124651
0.19601986,0.32314807,0.41911393,0.06171814
0.19746609,0.31416324,0.40664126,0.08172941
0.14630804,0.31747748,0.44958708,0.08662740
0.18191868,0.33420562,0.40325079,0.08062491
0.18918099,0.33121922,0.40527906,0.07432073
0.18841652,0.31141798,0.43278675,0.06737875
0.23745542,0.32302811,0.37042377,0.06909269
0.23630259,0.32865147,0.36378882,0.07125712
0.24588434,0.32496398,0.36209850,0.06705318
