0.12992736,0.64780361,0.14513925,0.07712978
0.53727846,0.34255823,0.06959265,0.05057066
0.75062843,0.18467787,0.04628293,0.01841076
0.92582108,0.04439688,0.02619163,0.00359042
0.16623582,0.56293085,0.10771291,0.16312043
0.39248156,0.41453387,0.11590879,0.07707579
0.51400392,0.32824362,0.08883871,0.06891376
0.56264243,0.30380203,0.09033580,0.04321974
0.87882001,0.06660245,0.05457754,0.00000000
0.36295004,0.35435086,0.19415579,0.08854331
0.59409448,0.25632167,0.11012897,0.03945487
0.74377599,0.22891717,0.01387188,0.01343497
0.54922188,0.14379372,0.21246867,0.09451573
0.18828015,0.50492655,0.15917002,0.14762328
0.30207440,0.46965684,0.12481739,0.10345136
0.41462487,0.37685312,0.11508615,0.09343586
0.44331402,0.35685747,0.12935805,0.07047045
0.71483215,0.18039299,0.08438997,0.02038489
0.31563954,0.45563718,0.12905634,0.09966694
0.43080643,0.36154491,0.12827577,0.07937289
0.32568388,0.39037891,0.18164559,0.10229163
0.46105067,0.33653162,0.12861814,0.07379957
0.45824679,0.27867140,0.15684597,0.10623584
0.46016433,0.37038545,0.13006985,0.03938037
0.56311328,0.30177670,0.11459368,0.02051635
0.64342005,0.22693129,0.10291769,0.02673098
0.57260570,0.24082505,0.13130588,0.05526337
0.42777493,0.38220861,0.14146727,0.04854919
0.53688622,0.29079237,0.11673077,0.05559063
0.49537874,0.21883061,0.19904654,0.08674411
0.26363008,0.48842557,0.13382455,0.11411980
0.34167777,0.43955414,0.13142760,0.08734049
0.46908581,0.33150896,0.12198530,0.07741993
0.19894131,0.50492029,0.15988845,0.13624995
0.27813969,0.45113502,0.15692900,0.11379629
0.35071641,0.40251563,0.14225303,0.10451493
0.38854522,0.38806800,0.12849126,0.09489551
0.58456740,0.26101770,0.10488506,0.04952985
0.77975753,0.13680192,0.07297116,0.01046939
0.29133459,0.45870276,0.15021883,0.09974382
0.29828867,0.41172702,0.19405160,0.09593270
0.38458235,0.37849769,0.14462402,0.09229595
0.37934662,0.41770370,0.14872816,0.05422152
0.45652654,0.34994671,0.13381093,0.05971581
0.52910579,0.29463348,0.12740641,0.04885432
0.47655068,0.30713420,0.15463244,0.06168268
0.42680981,0.43375721,0.11246522,0.02696776
0.51785467,0.35919273,0.10007328,0.02287933
0.66045606,0.24180232,0.07108446,0.02665716
0.67253576,0.19454390,0.11064917,0.02227116
0.20031142,0.50661864,0.16242404,0.13064590
0.27062320,0.46102604,0.15693239,0.11141837
0.35434954,0.40457496,0.14782505,0.09325045
0.39310718,0.37799306,0.14749006,0.08140970
0.34438051,0.43514094,0.14686430,0.07361425
0.42094880,0.38193727,0.13755036,0.05956357
0.46627988,0.35260540,0.12618141,0.05493331
0.51149678,0.31305394,0.11889132,0.05655796
0.55034980,0.28653520,0.12099991,0.04211510
0.59561548,0.25961138,0.11139626,0.03337688
0.26555306,0.48524523,0.13816818,0.11103352
0.37407276,0.39157542,0.15001194,0.08433988
0.27218833,0.42812569,0.18550713,0.11417885
0.37763179,0.39270647,0.15503731,0.07462443
0.38963997,0.33673759,0.14472698,0.12889545
0.35473296,0.38823449,0.17551042,0.08152213
0.44086457,0.32299896,0.15945320,0.07668326
0.53658721,0.30425385,0.13650441,0.02265453
0.52940847,0.27123993,0.13451631,0.06483529
0.49105343,0.28673754,0.15682525,0.06538378
0.57854770,0.26388180,0.13189575,0.02567475
0.59536976,0.22046942,0.12551110,0.05864973
0.39157579,0.39161174,0.14430597,0.07250649
0.47529416,0.33504642,0.13700984,0.05264958
0.43069827,0.38711706,0.13655792,0.04562676
0.50502904,0.35527230,0.12302973,0.01666893
0.51296467,0.33521003,0.11047583,0.04134947
0.57092387,0.29937351,0.10746630,0.02223632
0.38026664,0.39582015,0.16172741,0.06218580
0.43722147,0.31337386,0.17835519,0.07104948
0.53339552,0.30121098,0.12249548,0.04289802
0.45728411,0.33840865,0.13665499,0.06765225
0.36974950,0.33833856,0.17259827,0.11931367
0.44547051,0.29823847,0.16619158,0.09009944
0.53478350,0.22972862,0.15396400,0.08152389
0.60618291,0.19236538,0.14524148,0.05621024
0.35561977,0.32193526,0.22191886,0.10052610
0.46892197,0.28839559,0.19708450,0.04559794
0.44493784,0.28810434,0.18659220,0.08036561
0.59071942,0.25045212,0.14660139,0.01222707
0.57484574,0.23785305,0.12058276,0.06671845
0.61608660,0.23348753,0.11361862,0.03680725
0.41284911,0.36387975,0.17342435,0.04984679
0.44991364,0.23862373,0.21795584,0.09350679
0.56822604,0.20808195,0.15725733,0.06643468
0.61366751,0.20246336,0.14417784,0.03969130
0.61261013,0.14810361,0.20242606,0.03686020
0.28436448,0.43061885,0.19799836,0.08701831
0.47543222,0.31301220,0.14080227,0.07075332
0.67369465,0.20294415,0.09812004,0.02524117
0.36864391,0.41245152,0.15401010,0.06489446
0.45110566,0.33797531,0.13448585,0.07643317
0.44901870,0.28167403,0.17182401,0.09748325
0.24978534,0.47231928,0.14558743,0.13230796
0.29482731,0.46427662,0.14850390,0.09239217
0.39466520,0.38123903,0.12803605,0.09605973
0.44924526,0.33218931,0.13830030,0.08026514
0.28698135,0.46349195,0.14940897,0.10011773
0.38761162,0.38560915,0.13635462,0.09042460
0.29812816,0.45287711,0.15299148,0.09600325
0.20475628,0.50323041,0.18089112,0.11112219
0.30398649,0.45933641,0.14084490,0.09583220
0.41970583,0.36056552,0.14324040,0.07648824
0.20845868,0.47629989,0.20766203,0.10757940
0.25160098,0.46282016,0.17991281,0.10566605
0.32487310,0.41550332,0.14986270,0.10976088
0.34976065,0.40484377,0.13734284,0.10805273
0.51103950,0.30520911,0.11198449,0.07176690
0.66046950,0.21649913,0.10158586,0.02144552
0.81980620,0.13613326,0.04406055,0.00000000
0.20766463,0.47687045,0.18082810,0.13463682
0.25088392,0.46934399,0.16510263,0.11466946
0.31965249,0.41965603,0.15877274,0.10191874
0.35933054,0.39262489,0.15640230,0.09164227
0.25288194,0.46415311,0.17127354,0.11169141
0.31536418,0.43505183,0.17028188,0.07930212
0.36795094,0.40066195,0.15990313,0.07148399
0.41580064,0.36377122,0.15162642,0.06880173
0.32043399,0.42202662,0.15188951,0.10564988
0.36795727,0.40554314,0.15320788,0.07329171
0.43150369,0.36224383,0.13867271,0.06757977
0.48415143,0.32158650,0.13486216,0.05939991
0.36073710,0.39579566,0.14544291,0.09802432
0.41645580,0.36636911,0.14782339,0.06935170
0.48366317,0.32254831,0.12983536,0.06395317
0.51180323,0.30004501,0.13381830,0.05433346
0.50986878,0.30845100,0.12032314,0.06135708
0.57122050,0.27770156,0.11516984,0.03590810
0.63534540,0.22927436,0.10618662,0.02919363
0.67005299,0.20918064,0.09821207,0.02255431
0.26354538,0.45454492,0.16726986,0.11463984
0.32753749,0.41201384,0.15162685,0.10882182
0.26476345,0.46665582,0.15982555,0.10875517
0.26143870,0.41846963,0.20270893,0.11738273
0.34629356,0.38687578,0.17863379,0.08819687
0.32035591,0.38569705,0.16189586,0.13205118
0.32163389,0.38614878,0.20376289,0.08845444
0.38546839,0.35749203,0.17395025,0.08308934
0.46285370,0.33908451,0.14507994,0.05298186
0.45185778,0.31680957,0.13895026,0.09238238
0.43128762,0.32317600,0.16704820,0.07848818
0.49670291,0.31800152,0.13736882,0.04792676
0.51171587,0.27415166,0.13477712,0.07935535
0.59280831,0.22518158,0.14060419,0.04140592
0.67914261,0.19965059,0.10643703,0.01476977
0.68142411,0.17231079,0.09964203,0.04662307
0.35662460,0.40506329,0.17289691,0.06541520
0.41033869,0.37100891,0.15695446,0.06169794
0.38773624,0.40094655,0.15462919,0.05668802
0.45369541,0.35643797,0.14292023,0.04694639
0.45831835,0.35325750,0.13633601,0.05208814
0.52664035,0.29662419,0.13659472,0.04014074
0.34468013,0.41219264,0.17632423,0.06680300
0.31310527,0.37857081,0.18543010,0.12289383
0.38992142,0.32471529,0.18144241,0.10392089
0.44984070,0.30404953,0.15208459,0.09402519
0.50366906,0.26410445,0.14859364,0.08363285
0.68586613,0.17015670,0.11523771,0.02873946
0.25363769,0.44146859,0.19082881,0.11406490
0.31062842,0.41840766,0.19147165,0.07949227
0.38725768,0.36574105,0.17568125,0.07132002
0.43966897,0.32206757,0.16921775,0.06904571
0.34049744,0.41344776,0.15837809,0.08767671
0.46741542,0.34375000,0.13421206,0.05462251
0.50005991,0.32284540,0.12466342,0.05243128
0.33883926,0.43294447,0.15538827,0.07282800
0.38258405,0.42893434,0.13811461,0.05036700
0.46589315,0.36498169,0.12664631,0.04247885
0.50329336,0.34085665,0.12260662,0.03324336
0.40185970,0.38436057,0.13739231,0.07638742
0.45169985,0.37017457,0.13686465,0.04126092
0.52733575,0.31964913,0.11992846,0.03308666
0.55846264,0.29868111,0.12032632,0.02252992
0.46145558,0.34165793,0.12918810,0.06769839
0.50633894,0.33596202,0.11930121,0.03839783
0.56956763,0.28945825,0.11046732,0.03050681
0.61621947,0.25793908,0.10398418,0.02185727
0.41084257,0.35252606,0.15453575,0.08209563
0.47763369,0.32166966,0.14668919,0.05400746
0.54272894,0.27535018,0.13656125,0.04535963
0.58262500,0.24385118,0.13599641,0.03752741
0.36507196,0.41566618,0.15081388,0.06844799
0.39104109,0.41600699,0.14672327,0.04622866
0.46187925,0.34368528,0.14349591,0.05093956
0.41803715,0.36473881,0.15636458,0.06085946
0.44444023,0.37210494,0.14418964,0.03926519
0.50663208,0.32602953,0.12904893,0.03828945
0.38486987,0.43116374,0.14316295,0.04080344
0.41982370,0.43100827,0.11980454,0.02936348
0.50394761,0.34976397,0.12029486,0.02599357
0.47097812,0.36705135,0.12002190,0.04194863
0.48788456,0.38654243,0.10809573,0.01747728
0.55934199,0.32312620,0.10204702,0.01548479
0.37518304,0.37832813,0.17402432,0.07246451
0.46655935,0.33702634,0.14235753,0.05405678
0.46108538,0.37592507,0.12816705,0.03482251
0.51264633,0.33938959,0.11412402,0.03384007
0.32466134,0.35218438,0.23398049,0.08917379
0.41372631,0.34468586,0.17982812,0.06175971
0.38681842,0.32686184,0.18303161,0.10328813
0.41784228,0.31234653,0.18617464,0.08363655
0.50325599,0.29384935,0.15926170,0.04363297
0.48257473,0.29805048,0.14200348,0.07737131
0.39874400,0.36676404,0.18225836,0.05223360
0.49434464,0.33865949,0.14498434,0.02201153
0.48441056,0.32169547,0.13762576,0.05626821
0.46653544,0.31274842,0.17441215,0.04630399
0.55811133,0.28427620,0.13880548,0.01880699
0.53798499,0.27343753,0.13058249,0.05799499
0.51884008,0.27891024,0.15941970,0.04282999
0.60594825,0.25184450,0.11843820,0.02376905
0.59941708,0.23951638,0.11133398,0.04973255
0.48001608,0.27690632,0.18734455,0.05573305
0.57549496,0.26314867,0.14415111,0.01720525
0.56315089,0.23550479,0.14531730,0.05602702
0.39451666,0.31292403,0.19558994,0.09696937
0.48107871,0.27828902,0.15855082,0.08208145
0.47820015,0.30863051,0.15865544,0.05451390
0.54941064,0.25349025,0.14454585,0.05255327
0.60734261,0.21428812,0.12837957,0.04998970
0.56010325,0.20768445,0.16255084,0.06966146
0.27288974,0.43126981,0.19147619,0.10436426
0.42195877,0.34918691,0.15173626,0.07711806
0.42820976,0.34265220,0.16339629,0.06574176
0.57604672,0.26966883,0.11741799,0.03686646
0.56953682,0.27158132,0.12029303,0.03858884
0.73588461,0.16768501,0.08559382,0.01083656
0.33157752,0.42619994,0.16043353,0.08178901
0.39754385,0.38087617,0.13985800,0.08172199
0.23998392,0.46270895,0.17689072,0.12041641
0.27053926,0.45971936,0.16483964,0.10490174
0.35125370,0.40227483,0.14284258,0.10362889
0.39715820,0.36372863,0.14041934,0.09869383
0.55685687,0.26123552,0.12976982,0.05213779
0.26711741,0.46274497,0.17268422,0.09745340
0.34270362,0.41348131,0.16559786,0.07821720
0.20552014,0.49529385,0.16648656,0.13269945
0.27575764,0.45811484,0.16535067,0.10077685
0.34569163,0.40684933,0.14111631,0.10634273
0.38011048,0.38333018,0.14881944,0.08773990
0.26325619,0.47150186,0.16715459,0.09808735
0.31366553,0.45746065,0.14780033,0.08107350
0.38660399,0.40507368,0.14095424,0.06736809
0.43199306,0.37167780,0.14167110,0.05465804
0.35254757,0.40004429,0.15787526,0.08953288
0.39753219,0.39473260,0.14812228,0.05961292
0.46239568,0.34722319,0.13526182,0.05511930
0.50962677,0.31127034,0.13216118,0.04694171
0.25698936,0.47338323,0.15782300,0.11180440
0.34002016,0.41862316,0.14475061,0.09660608
0.26226595,0.47943717,0.15203295,0.10626392
0.36698505,0.37285243,0.17898575,0.08117676
0.43533960,0.33662898,0.19964098,0.02839044
0.51035625,0.29049169,0.16407119,0.03508088
0.42084063,0.36527270,0.15068043,0.06320624
0.48214801,0.31465808,0.14391247,0.05928144
0.23895256,0.46242174,0.16217604,0.13644966
0.27624153,0.45484791,0.16625780,0.10265275
0.35678776,0.39585548,0.14535102,0.10200574
0.40153565,0.36146495,0.14262624,0.09437315
0.31118152,0.45496535,0.15013994,0.08371319
0.39028780,0.40062169,0.13821815,0.07087235
0.43990969,0.36033286,0.13909717,0.06066027
0.46740748,0.34373899,0.12705101,0.06180251
0.51275537,0.30626769,0.13077290,0.05020404
0.55549858,0.27593592,0.11894474,0.04962075
0.26698566,0.46360125,0.16275881,0.10665428
0.33680025,0.40430735,0.15862102,0.10027138
0.28345410,0.45200403,0.15806933,0.10647254
0.22703287,0.46122723,0.19048923,0.12125067
0.25552256,0.46869296,0.17414460,0.10163989
0.32551774,0.41589094,0.16378303,0.09480828
0.36372650,0.38483159,0.16201434,0.08942757
0.32017697,0.44309432,0.15639371,0.08033500
0.36958597,0.40205168,0.16077398,0.06758838
0.41226499,0.37289978,0.14674033,0.06809490
0.44685963,0.34356173,0.14201879,0.06755985
0.49113695,0.31324395,0.13057269,0.06504641
0.51522279,0.29736487,0.13160562,0.05580673
0.25261026,0.47087620,0.17293662,0.10357692
0.31206063,0.45023878,0.15780263,0.07989796
0.37840373,0.40025766,0.16036904,0.06096956
0.41109254,0.38095308,0.14294147,0.06501291
0.34223935,0.39818328,0.16114714,0.09843024
0.38762773,0.39374767,0.14947607,0.06914853
0.44701569,0.35102323,0.14438915,0.05757192
0.48162732,0.32275424,0.13591525,0.05970319
0.45164456,0.34978722,0.14290930,0.05565892
0.24727772,0.48527592,0.14787578,0.11957058
0.33839629,0.41272444,0.12990763,0.11897164
0.26488201,0.42170522,0.20252464,0.11088814
0.33515610,0.40556945,0.17176595,0.08750851
0.32830945,0.38462605,0.16611604,0.12094846
0.32676417,0.40383376,0.19016485,0.07923722
0.39313520,0.35463250,0.17040289,0.08182942
0.47067469,0.32527445,0.15369982,0.05035104
0.46589699,0.30335064,0.14863817,0.08211420
0.43724222,0.32642745,0.16269301,0.07363732
0.51625567,0.29215082,0.14780007,0.04379343
0.50974680,0.27576637,0.14525173,0.06923509
0.32231671,0.40955847,0.18098924,0.08713558
0.40086327,0.38227963,0.16762070,0.04923640
0.39998643,0.34984050,0.15179177,0.09838129
0.39290969,0.35552307,0.16903778,0.08252946
0.46406326,0.33185997,0.15905074,0.04502604
0.46344859,0.30446814,0.14176312,0.09032015
0.34388131,0.42073906,0.16049088,0.07488875
0.39400259,0.38962154,0.14642203,0.06995384
0.34166664,0.41166641,0.16592170,0.08074524
0.39096092,0.40921981,0.15121432,0.04860495
0.45409867,0.35909766,0.15222168,0.03458198
0.45507078,0.36379543,0.13125012,0.04988367
0.51602061,0.31652256,0.12000899,0.04744784
0.38413722,0.35357632,0.15513319,0.10715327
0.45248802,0.34692964,0.13170375,0.06887859
0.41190056,0.36251216,0.14009801,0.08548928
0.32473783,0.37550231,0.17462813,0.12513173
0.40267382,0.33355269,0.16382371,0.09994978
0.46915549,0.28487544,0.14693745,0.09903162
0.51025568,0.26400701,0.14980783,0.07592948
0.39791464,0.32961045,0.17046647,0.10200844
0.47711361,0.28043727,0.16559294,0.07685619
0.32327813,0.37337045,0.20996230,0.09338912
0.41095138,0.33483214,0.18611291,0.06810357
0.39585419,0.31201504,0.18655403,0.10557675
0.50249478,0.29851004,0.16041934,0.03857583
0.49224166,0.27898916,0.16031433,0.06845485
0.47830589,0.27894314,0.13968345,0.10306752
0.41806749,0.33291644,0.18854975,0.06046632
0.47838123,0.29518487,0.18206827,0.04436562
0.44778444,0.35264018,0.17187440,0.02770098
0.50374287,0.32199068,0.15256999,0.02169646
0.58046766,0.26074282,0.14423807,0.01455145
0.44566067,0.34762227,0.16395100,0.04276605
0.49649095,0.30937849,0.15510493,0.03902564
0.43556310,0.30079362,0.19653143,0.06711185
0.52280577,0.26853130,0.16133642,0.04732650
0.55246122,0.27291936,0.14641763,0.02820179
0.40083683,0.28591281,0.21845361,0.09479675
0.49124783,0.26056060,0.17526118,0.07293039
0.47663488,0.23815294,0.16750589,0.11770630
0.47216515,0.21008390,0.18602276,0.13172820
0.25333560,0.44724648,0.19537091,0.10404700
0.41601184,0.34146752,0.16066128,0.08185937
0.32538079,0.41182167,0.18527230,0.07752524
0.47894265,0.32130359,0.15506534,0.04468842
0.39449074,0.35880392,0.17621627,0.07048907
0.54698920,0.27230560,0.13816837,0.04253682
0.43648130,0.32808337,0.17583663,0.05959870
0.58602397,0.23903370,0.13593881,0.03900353
0.31232425,0.44764834,0.15802987,0.08199754
0.39122164,0.37945344,0.13852336,0.09080156
0.45088327,0.35719915,0.13235662,0.05956096
0.45006237,0.36241779,0.14375046,0.04376938
0.51894840,0.30280464,0.12695174,0.05129521
0.49884858,0.32309314,0.14418762,0.03387066
0.56283935,0.26450876,0.13193145,0.04072044
0.35719090,0.41605762,0.16934003,0.05741146
0.40259262,0.39757850,0.17058358,0.02924530
0.45365767,0.35493991,0.15254919,0.03885323
0.41898300,0.40234340,0.15694385,0.02172975
0.48056217,0.35472970,0.13368043,0.03102771
0.55943817,0.28776545,0.12747274,0.02532364
0.38146063,0.37199025,0.16921614,0.07733298
0.53660611,0.28851103,0.13280069,0.04208217
0.45444154,0.35934445,0.14481083,0.04140318
0.51949099,0.30918441,0.13294860,0.03837600
0.32755117,0.43392172,0.16269143,0.07583568
0.40255177,0.37386683,0.14875155,0.07482984
0.31568292,0.36384761,0.23801970,0.08244977
0.49006661,0.26079914,0.19186896,0.05726528
0.41504800,0.32477042,0.20328023,0.05690135
0.38903742,0.33437825,0.17860504,0.09797929
0.47535557,0.30084849,0.18992941,0.03386654
0.45084770,0.30924656,0.17768282,0.06222292
0.57635483,0.24006800,0.15080706,0.03277011
0.56542815,0.22918566,0.15591948,0.04946672
0.39303001,0.35134909,0.20185652,0.05376438
0.46570437,0.28695688,0.18708065,0.06025810
0.55331808,0.26491117,0.14953665,0.03223410
0.54634853,0.26305160,0.12166211,0.06893776
0.38022500,0.37404311,0.17837255,0.06735934
0.39330487,0.30615873,0.19262183,0.10791457
0.56476017,0.20176789,0.15994837,0.07352357
0.46794996,0.31049107,0.15764460,0.06391438
0.55090621,0.24457544,0.13932524,0.06519311
0.35955732,0.36341379,0.16980491,0.10722398
0.42925283,0.32724562,0.15882118,0.08468037
0.49007111,0.28450194,0.16318623,0.06224072
0.55423388,0.23446367,0.15101619,0.06028627
0.41822702,0.28375471,0.20541292,0.09260535
0.51021347,0.24879165,0.16031640,0.08067848
0.53270391,0.25125834,0.16189137,0.05414638
0.53512988,0.21798195,0.19283119,0.05405699
0.24906439,0.45381942,0.16504198,0.13207421
0.29271907,0.44930307,0.16310077,0.09487709
0.36520041,0.40022744,0.14674337,0.08782878
0.40898894,0.36726110,0.14163962,0.08211034
0.27936909,0.45255939,0.16275907,0.10531244
0.35304457,0.39326729,0.15844265,0.09524549
0.27057707,0.45440611,0.16127804,0.11373878
0.32559361,0.43495259,0.16681312,0.07264067
0.39457333,0.38850625,0.14333957,0.07358085
0.43605846,0.36533331,0.13655638,0.06205185
0.35474031,0.40221515,0.14635578,0.09668876
0.39960579,0.38721852,0.14593778,0.06723792
0.47664406,0.32986211,0.13890640,0.05458743
0.51621633,0.30461269,0.12904779,0.05012319
0.27323628,0.45836939,0.15591914,0.11247519
0.28143123,0.41942143,0.19285764,0.10628970
0.38192991,0.38419853,0.16015534,0.07371621
0.35536291,0.37965001,0.17063801,0.09434906
0.32035108,0.40977438,0.19823007,0.07164446
0.41026056,0.38286533,0.15547836,0.05139576
0.39829819,0.36948515,0.15949463,0.07272203
0.40117374,0.34656948,0.18658754,0.06566924
0.50128092,0.31249528,0.14194466,0.04427915
0.48832807,0.29910686,0.15834324,0.05422183
0.36967579,0.39896197,0.15347566,0.07788658
0.42745094,0.35499628,0.14260951,0.07494328
0.34697067,0.41028906,0.16937355,0.07336671
0.35777309,0.35796474,0.19519356,0.08906861
0.40318192,0.34868114,0.17666414,0.07147279
0.49555204,0.27622404,0.16299599,0.06522792
0.20499854,0.49090453,0.18072916,0.12336777
0.25441008,0.47187790,0.18006894,0.09364308
0.33305681,0.42161625,0.15886194,0.08646500
0.44821826,0.35807280,0.14937259,0.04433635
0.25785644,0.43233907,0.19956124,0.11024324
0.32389871,0.43718956,0.16085587,0.07805585
0.34035542,0.43053711,0.15628031,0.07282716
0.37408049,0.37670791,0.17062829,0.07858331
0.39758929,0.38753160,0.14665193,0.06822718
0.48824290,0.31945558,0.16698667,0.02531486
0.51382148,0.32769085,0.12288704,0.03560063
0.29976866,0.43749461,0.18674904,0.07598768
0.38935100,0.36878275,0.18095699,0.06090926
0.29031769,0.40067959,0.22064038,0.08836234
0.35724409,0.40343890,0.17458519,0.06473182
0.36206877,0.35382598,0.22820967,0.05589558
0.38992131,0.36619249,0.21640058,0.02748562
0.40237198,0.39753696,0.17826007,0.02183099
0.38250090,0.36124119,0.21246858,0.04378933
0.40777853,0.38898693,0.15970981,0.04352472
0.42294461,0.41674326,0.12026411,0.04004802
0.44773283,0.40213314,0.13114389,0.01899013
0.41552051,0.33969510,0.20651589,0.03826850
0.44255047,0.34040301,0.19426646,0.02278007
0.47653133,0.35446817,0.14880367,0.02019683
0.43764613,0.33017086,0.19240857,0.03977443
0.47424645,0.34250099,0.14409556,0.03915701
0.48302798,0.34044145,0.15920315,0.01732742
0.49821072,0.35695407,0.12059826,0.02423696
0.46218704,0.35597304,0.14394104,0.03789888
0.49834665,0.36561334,0.11712332,0.01891668
0.21684085,0.46671043,0.18995260,0.12649611
0.24474017,0.46737290,0.18320805,0.10467888
0.30191755,0.42767457,0.17005697,0.10035091
0.33827566,0.40182520,0.16456365,0.09533548
0.24796299,0.45704024,0.18299306,0.11200371
0.28595143,0.44878760,0.17608646,0.08917451
0.34183635,0.40759415,0.17497445,0.07559505
0.37472352,0.38762034,0.16110496,0.07655117
0.30892520,0.41907006,0.16786122,0.10414352
0.34745493,0.40517220,0.16168345,0.08568942
0.38958592,0.37962477,0.14904925,0.08174006
0.42731797,0.35080434,0.14575659,0.07612109
0.34139223,0.39840945,0.15722017,0.10297814
0.36952521,0.39658627,0.15447629,0.07941223
0.43047049,0.35051025,0.14479426,0.07422500
0.46332762,0.32755994,0.14373854,0.06537390
0.46829574,0.33012732,0.12826108,0.07331586
0.51569345,0.30298841,0.12932423,0.05199391
0.56576886,0.27243928,0.11394770,0.04784416
0.59683035,0.25058093,0.11606399,0.03652473
0.58271073,0.27211340,0.10072130,0.04445457
0.64219153,0.23666142,0.10184052,0.01930654
0.68987450,0.21105736,0.08331828,0.01574986
0.72078472,0.18887985,0.07769293,0.01264249
0.24534149,0.46388313,0.18122113,0.10955425
0.30939103,0.41435299,0.16644577,0.10981021
0.25703758,0.41931803,0.20543447,0.11820992
0.32637209,0.39928192,0.18844490,0.08590109
0.28186337,0.41736074,0.15596335,0.14481254
0.30243850,0.40120591,0.19620351,0.10015207
0.35306404,0.36878289,0.18221632,0.09593675
0.41761385,0.36052060,0.15671138,0.06515417
0.40879478,0.33955561,0.14713324,0.10451637
0.38721380,0.34851379,0.17020828,0.09406413
0.44366883,0.34370691,0.14315541,0.06946885
0.44774717,0.31526531,0.13406899,0.10291853
0.52287486,0.27400240,0.14743965,0.05568310
0.59115804,0.25719524,0.11766614,0.03398058
0.59332121,0.23518959,0.10611951,0.06536968
0.65577782,0.20471648,0.12129313,0.01821258
0.72487121,0.18750956,0.08091718,0.00670205
0.72905611,0.15940214,0.07265810,0.03888365
0.28205947,0.41088184,0.17051530,0.13654339
0.35870692,0.36004557,0.18285104,0.09839647
0.40952901,0.32351137,0.15879616,0.10816346
0.44879106,0.29877871,0.14950441,0.10292582
0.57745596,0.23026119,0.12163622,0.07064663
0.72398103,0.15007679,0.08826573,0.03767646
0.22219761,0.45673856,0.19739642,0.12366741
0.25126915,0.46005795,0.17854364,0.11012926
0.31045771,0.41440796,0.17208458,0.10304975
0.34200659,0.39476930,0.16974515,0.09347896
0.25895232,0.44353442,0.19024748,0.10726579
0.29871784,0.43730359,0.17413993,0.08983864
0.34240846,0.40304319,0.17290457,0.08164378
0.38734359,0.37189772,0.16275533,0.07800336
0.31183858,0.41432807,0.16492027,0.10891308
0.33765030,0.41200780,0.16667788,0.08366402
0.39760085,0.36746018,0.16284048,0.07209849
0.43451623,0.34466219,0.14810125,0.07272033
0.34831913,0.38727824,0.16180758,0.10259505
0.38027932,0.38590236,0.15324128,0.08057704
0.43875155,0.34068011,0.14424401,0.07632433
0.46524800,0.32371661,0.14455458,0.06648080
0.46489618,0.32432638,0.14116345,0.06961398
0.50985129,0.31044888,0.12966878,0.05003106
0.57424288,0.26534531,0.11223431,0.04817750
0.59357265,0.25096518,0.11867209,0.03679008
0.24663162,0.46733151,0.17594325,0.11009362
0.29432259,0.44773083,0.16542294,0.09252364
0.34416122,0.41342318,0.16415917,0.07825643
0.38360648,0.38874760,0.15173500,0.07591092
0.51478819,0.31135850,0.12908611,0.04476719
0.30101417,0.42407349,0.16918886,0.10572348
0.35652610,0.39931619,0.16053800,0.08361970
0.40319766,0.37326643,0.14345073,0.08008518
0.43917237,0.34745288,0.13961229,0.07376246
0.56973189,0.26890346,0.11936160,0.04200305
0.25230240,0.46267410,0.16546092,0.11956259
0.30441367,0.42457390,0.14930297,0.12170945
0.25658302,0.46290411,0.18031331,0.10019956
0.30098886,0.44649406,0.16625599,0.08626109
0.34947788,0.41285391,0.16776565,0.06990256
0.39248176,0.38172833,0.15875002,0.06703989
0.25541861,0.42755011,0.19516325,0.12186803
0.33114476,0.39373658,0.17859245,0.09652621
0.30068288,0.39535227,0.17933117,0.12463367
0.30081777,0.40695743,0.20178834,0.09043646
0.35704044,0.37291388,0.18225405,0.08779163
0.42180300,0.35019782,0.16001654,0.06798265
0.41708339,0.33034090,0.15444763,0.09812808
0.39362760,0.34967255,0.17123904,0.08546082
0.46324791,0.31830819,0.15940971,0.05903419
0.45563241,0.30262111,0.15275348,0.08899300
0.53257936,0.26693816,0.15358126,0.04690123
0.59331279,0.24472413,0.13139410,0.03056897
0.59815037,0.22251577,0.12787831,0.05145555
0.31932571,0.41780020,0.17185497,0.09101912
0.36421631,0.39307165,0.16183185,0.08088019
0.32011651,0.41194596,0.17199967,0.09593786
0.34367179,0.37473464,0.17359750,0.10799607
0.40804206,0.36483187,0.14492242,0.08220365
0.37088574,0.38036540,0.15083396,0.09791490
0.30945791,0.41361070,0.18194047,0.09499092
0.37733777,0.38680585,0.16944415,0.06641223
0.35966572,0.37948300,0.16789876,0.09295252
0.36009537,0.41942719,0.16169501,0.05878243
0.41611255,0.36998231,0.15934060,0.05456454
0.30040013,0.38238526,0.19316630,0.12404831
0.35484402,0.35226240,0.19759787,0.09529571
0.41611395,0.31319277,0.17081581,0.09987746
0.45399102,0.28834971,0.17079708,0.08686219
0.60105045,0.21066717,0.13508019,0.05320218
0.36786826,0.35856037,0.18151659,0.09205478
0.25095655,0.43531247,0.20354557,0.11018540
0.30231757,0.41736886,0.19430736,0.08600621
0.35869670,0.37958030,0.18903077,0.07269223
0.39283899,0.35429661,0.17756658,0.07529782
0.32334485,0.41280113,0.16727686,0.09657716
0.42880583,0.35136609,0.14928229,0.07054580
0.45905045,0.32859705,0.14671870,0.06563379
0.31387862,0.44186695,0.16138329,0.08287114
0.36620864,0.41666489,0.15828964,0.05883682
0.41995213,0.37945358,0.15082448,0.04976982
0.45309445,0.35728591,0.14047422,0.04914542
0.36379293,0.40465980,0.14770360,0.08384367
0.41763263,0.38282353,0.13785421,0.06168963
0.46607844,0.34515307,0.13464974,0.05411876
0.50399434,0.31895579,0.12861501,0.04843486
0.40778047,0.37086947,0.13803231,0.08331775
0.46742747,0.34636023,0.13016304,0.05604926
0.52131551,0.30426521,0.11871312,0.05570616
0.55478093,0.28037381,0.12731013,0.03753513
0.37477775,0.37140661,0.16061262,0.09320303
0.43024796,0.35010038,0.15129011,0.06836156
0.48907273,0.30724375,0.13798001,0.06570351
0.52121446,0.28550962,0.14091806,0.05235786
0.30563989,0.41864381,0.18675941,0.08895689
0.36539601,0.39969200,0.15436235,0.08054965
0.36457108,0.42507288,0.14844331,0.06191273
0.41513064,0.38092759,0.14885902,0.05508275
0.45579778,0.36124121,0.12781885,0.05514215
0.42573149,0.35535218,0.15017331,0.06874302
0.35711604,0.37928455,0.17963756,0.08396184
0.42249509,0.35673758,0.15425014,0.06651719
0.41704696,0.38596932,0.14327603,0.05370769
0.46533582,0.34822568,0.13697302,0.04946547
0.51656945,0.31602554,0.11652478,0.05088024
0.48354722,0.31258049,0.14540336,0.05846894
0.32552516,0.42510663,0.16044006,0.08892816
0.37510601,0.39349962,0.15424794,0.07714643
0.34902947,0.43893470,0.14343288,0.06860295
0.41862033,0.38484643,0.13605009,0.06048316
0.35398351,0.43011560,0.15303914,0.06286175
0.40084941,0.39241606,0.14485917,0.06187536
0.38590561,0.43083161,0.13983760,0.04342518
0.45050626,0.38505190,0.13303840,0.03140344
0.41065416,0.38771680,0.13139811,0.07023094
0.45717758,0.34665096,0.13469298,0.06147849
0.44853625,0.38466233,0.11793490,0.04886652
0.49910123,0.34712932,0.11443881,0.03933063
0.34851819,0.38350557,0.16919395,0.09878230
0.41451787,0.36220427,0.14761374,0.07566412
0.41956986,0.38596769,0.13884716,0.05561530
0.45724412,0.36188805,0.12289754,0.05797029
0.30313164,0.39072851,0.21236294,0.09377691
0.37733931,0.36200619,0.19467839,0.06597612
0.35820378,0.34812288,0.20361790,0.09005544
0.37680970,0.36032932,0.17841079,0.08445018
0.44689003,0.33411384,0.17060468,0.04839145
0.43455147,0.32125665,0.16845171,0.07574018
0.36884143,0.39744786,0.16446691,0.06924380
0.43040515,0.37892396,0.15065435,0.04001654
0.42026740,0.35755166,0.14838731,0.07379363
0.41907041,0.35681251,0.16301752,0.06109955
0.48715868,0.32726002,0.14294411,0.04263720
0.48492413,0.31047987,0.14139871,0.06319729
0.46696115,0.32123163,0.15285877,0.05894846
0.42986762,0.32430828,0.17604682,0.06977729
0.50486616,0.29350321,0.15309926,0.04853138
0.50154000,0.27087520,0.15908330,0.06850151
0.38449468,0.35600957,0.18857115,0.07092460
0.42895644,0.32367551,0.19607087,0.05129718
0.38283646,0.36073758,0.19409476,0.06233120
0.41132446,0.37270824,0.16780185,0.04816545
0.45736765,0.34030248,0.16965933,0.03267054
0.42703976,0.32315301,0.19306085,0.05674638
0.45858618,0.33009180,0.16088794,0.05043408
0.50480065,0.29379416,0.16043308,0.04097211
0.41359000,0.36499276,0.17578067,0.04563657
0.43604648,0.39611480,0.13977801,0.02806071
0.48821065,0.34556876,0.14222555,0.02399504
0.47090663,0.32337887,0.16930037,0.03641413
0.50289079,0.32774597,0.13489432,0.03446891
0.55698543,0.29236507,0.12838787,0.02226163
0.40314341,0.36736504,0.17909504,0.05039650
0.45021058,0.33264276,0.15842243,0.05872423
0.43737750,0.36798961,0.15689029,0.03774260
0.49809350,0.32869226,0.13812792,0.03508632
0.39165858,0.34544132,0.19083129,0.07206881
0.45950225,0.32013706,0.16153866,0.05882203
0.46788285,0.29944051,0.17416415,0.05851250
0.53169456,0.31892396,0.11325653,0.03612495
0.49271370,0.30605860,0.15190702,0.04932068
0.50059213,0.31993729,0.13766653,0.04180405
0.53716605,0.30634591,0.13173236,0.02475568
0.36079695,0.32906358,0.21894128,0.09119819
0.43831150,0.30881273,0.18529861,0.06757716
0.42324279,0.34777265,0.16340834,0.06557622
0.48210586,0.29007318,0.15790025,0.06992071
0.54185441,0.24403102,0.14003719,0.07407739
0.50716641,0.25417027,0.17489871,0.06376462
0.24206623,0.44518680,0.20352963,0.10921734
0.38359828,0.35833840,0.16956648,0.08849684
0.30244848,0.41043046,0.20426311,0.08285795
0.43325330,0.33509553,0.16456695,0.06708423
0.35173468,0.38471272,0.17630025,0.08725235
0.48329533,0.30601210,0.14595868,0.06473389
0.39104058,0.35719672,0.17770146,0.07406124
0.52074296,0.27981547,0.14662961,0.05281196
0.53164760,0.26869715,0.15223378,0.04742147
0.65385197,0.20455979,0.11606747,0.02552077
0.29951847,0.44092164,0.17100775,0.08855215
0.36064921,0.38270733,0.16533496,0.09130851
0.40794271,0.37087514,0.14921964,0.07196251
0.40767828,0.38339103,0.14740245,0.06152824
0.46067457,0.33939286,0.13538757,0.06454499
0.44232383,0.35510072,0.14993077,0.05264468
0.49747236,0.30778902,0.13828985,0.05644876
0.58654702,0.27603577,0.11329807,0.02411914
0.63436765,0.22730504,0.10957743,0.02874988
0.33586899,0.42199415,0.17380354,0.06833332
0.35973916,0.41625900,0.16360738,0.06039446
0.42007967,0.36406834,0.15463178,0.06122021
0.36539490,0.41527412,0.16808676,0.05124423
0.38753260,0.41474821,0.15082311,0.04689608
0.44591299,0.36161720,0.14894969,0.04352012
0.43155642,0.35610719,0.16264652,0.04968987
0.45296419,0.35809989,0.14949845,0.03943746
0.50735296,0.31160898,0.13431814,0.04671993
0.31669212,0.42704696,0.17105980,0.08520112
0.30965574,0.37697831,0.22010910,0.09325686
0.43845361,0.30475277,0.20284490,0.05394872
0.38191714,0.34173237,0.19978820,0.07656229
0.42287744,0.34399335,0.17317197,0.05995725
0.51511004,0.27633683,0.15637269,0.05218044
0.35107176,0.40847697,0.17880757,0.06164370
0.38868569,0.40136729,0.16645588,0.04349114
0.49872943,0.32406209,0.13559836,0.04161013
0.42848048,0.34132353,0.16999102,0.06020497
0.46069639,0.33824753,0.16589306,0.03516303
0.55424947,0.28475546,0.13379281,0.02720226
0.47490822,0.30362507,0.16789179,0.05357491
0.51765511,0.30213558,0.14737280,0.03283652
0.60250664,0.24387147,0.11738471,0.03623719
0.43821694,0.30971202,0.18262223,0.06944881
0.56810251,0.24627517,0.14021410,0.04540822
0.36425639,0.38125982,0.18851129,0.06597250
0.42370187,0.33367963,0.17965916,0.06295934
0.49817376,0.30357874,0.14640671,0.05184078
0.41619373,0.41081931,0.14312971,0.02985725
0.48901548,0.33412760,0.13452445,0.04233247
0.48250639,0.34923257,0.14085292,0.02740813
0.53497186,0.30003015,0.12905816,0.03593982
0.53518001,0.31251150,0.12514330,0.02716519
0.58255254,0.27058850,0.11423052,0.03262844
0.49609419,0.30880566,0.15649624,0.03860390
0.55520065,0.25689602,0.14249847,0.04540486
0.31003762,0.39218281,0.17658601,0.12119356
0.37675306,0.35324897,0.18568952,0.08430846
0.43111169,0.32547278,0.15914813,0.08426740
0.47493690,0.29189069,0.15873343,0.07443899
0.63196287,0.19685212,0.13128682,0.03989820
0.37939105,0.32977806,0.19057786,0.10025303
0.45694897,0.30756235,0.17036864,0.06512003
0.44518591,0.33947646,0.15305205,0.06228557
0.50008108,0.28759198,0.14523398,0.06709296
0.55035623,0.25177354,0.12857339,0.06929684
0.52289877,0.24484157,0.17233521,0.05992445
0.25048857,0.45020840,0.19261113,0.10669190
0.29638964,0.43283890,0.17914265,0.09162881
0.35982188,0.38376130,0.17641522,0.08000160
0.40053976,0.35362698,0.17130462,0.07452863
0.38116825,0.36893959,0.16440009,0.08549207
0.42718738,0.36306054,0.14794375,0.06180833
0.48312013,0.32068191,0.14510477,0.05109319
0.51669234,0.29757054,0.13936658,0.04637053
0.50857384,0.30461607,0.12468928,0.06212081
0.55981524,0.28460320,0.11916118,0.03642039
0.61784265,0.24167019,0.11575872,0.02472843
0.64748361,0.21965700,0.11325513,0.01960426
0.34828063,0.39949767,0.16568413,0.08653756
0.48226739,0.33327704,0.13033819,0.05411738
0.60629975,0.26251586,0.10327830,0.02790610
0.31913526,0.42667335,0.16602013,0.08817126
0.36704119,0.39493240,0.14382119,0.09420523
0.30809229,0.37493000,0.21927534,0.09770236
0.38084381,0.35528283,0.18809494,0.07577841
0.35502050,0.36169993,0.19437422,0.08890534
0.42183260,0.35080860,0.17545698,0.05190182
0.40135773,0.35770789,0.17174176,0.06919262
0.42975059,0.31980115,0.17842990,0.07201836
0.50795676,0.29565355,0.15758416,0.03880552
0.49436784,0.29301105,0.15745585,0.05516525
0.43803844,0.36802162,0.16062499,0.03331496
0.41802092,0.38073917,0.14806355,0.05317635
0.57080085,0.22953032,0.15433683,0.04533200
0.64187609,0.21430396,0.12387895,0.01994100
0.64133447,0.20642995,0.12119598,0.03103960
0.33701993,0.41398969,0.17003302,0.07895736
0.35460659,0.33975275,0.19682171,0.10881895
0.49427727,0.27607265,0.16076781,0.06888227
0.64498444,0.18744421,0.12654098,0.04103037
0.21571724,0.46392486,0.19291553,0.12744237
0.24959663,0.45592275,0.18349630,0.11098432
0.30307362,0.42422103,0.16807567,0.10462969
0.34069932,0.39676545,0.16171992,0.10081531
0.46638891,0.32755952,0.13677076,0.06928081
0.29883722,0.43673625,0.17426552,0.09016102
0.34678111,0.40455932,0.15986945,0.08879012
0.37933188,0.38517105,0.15412370,0.08137337
0.50868746,0.30955019,0.13196391,0.04979844
0.40116151,0.37440320,0.14063719,0.08379809
0.43919345,0.34452778,0.13989570,0.07638308
0.56613557,0.27133986,0.11549036,0.04703420
0.46638865,0.33059157,0.13778165,0.06523814
0.59498073,0.25450713,0.11220089,0.03831125
0.72520256,0.18147157,0.07881700,0.01450887
0.25112898,0.45886886,0.17661750,0.11338466
0.25371336,0.42550010,0.20585410,0.11493244
0.31929193,0.41242171,0.16784891,0.10043746
0.30821702,0.44035549,0.16722582,0.08420168
0.36654847,0.40082085,0.14393345,0.08869723
0.41618442,0.35511783,0.14576771,0.08293004
0.37651157,0.36295954,0.16800823,0.09252065
0.29295073,0.41551970,0.20108733,0.09044224
0.35183949,0.42790359,0.15039333,0.06986359
0.41344862,0.38072948,0.14683508,0.05898681
0.45602556,0.34758517,0.13862014,0.05776913
0.42517015,0.34874503,0.15531242,0.07077241
0.34503255,0.38381657,0.18173754,0.08941334
0.41546390,0.36129719,0.15794882,0.06529009
0.40751243,0.39300177,0.13892511,0.06056069
0.46424513,0.35100864,0.13194919,0.05279704
0.50328096,0.32830622,0.11814604,0.05026679
0.47232579,0.32728423,0.13859633,0.06179365
0.38773037,0.35203546,0.18000132,0.08023285
0.45917191,0.32856982,0.15175443,0.06050384
0.44429729,0.36921080,0.13533367,0.05115824
0.50616623,0.31873738,0.13003646,0.04505993
0.54367402,0.29133378,0.12060354,0.04438866
0.51102849,0.29656997,0.13649293,0.05590862
0.53343445,0.26422962,0.15610264,0.04623329
0.59838252,0.24700910,0.12718445,0.02742394
0.58973394,0.27774684,0.10596518,0.02655404
0.63319555,0.24830509,0.09787651,0.02062285
0.68328029,0.21033889,0.09017097,0.01620984
0.64922490,0.21274005,0.11011779,0.02791726
0.32984158,0.42222009,0.17198408,0.07595425
0.37884559,0.38135587,0.16901988,0.07077866
0.36256698,0.42935807,0.15085991,0.05721504
0.41933847,0.38823915,0.14678062,0.04564176
0.35467113,0.42730628,0.16301703,0.05500556
0.40840510,0.37497262,0.16954552,0.04707677
0.38927912,0.42807216,0.13806096,0.04458776
0.45342266,0.37984418,0.13161753,0.03511562
0.40813563,0.38695002,0.14077462,0.06413973
0.47074473,0.32093478,0.15685608,0.05146441
0.43808419,0.39295048,0.12676496,0.04220037
0.50039758,0.33850664,0.12375774,0.03733805
0.30851505,0.37463319,0.22213061,0.09472114
0.37215193,0.35359917,0.18945973,0.08478917
0.35424889,0.41048882,0.16519446,0.07006783
0.41327037,0.36421404,0.15980702,0.06270858
0.46447917,0.32059213,0.15765547,0.05727323
0.43643576,0.31017215,0.17968349,0.07370860
0.44205713,0.33658127,0.14601929,0.07534231
0.45292028,0.34591076,0.15076775,0.05040121
0.49016609,0.32534399,0.13774789,0.04674203
0.53767687,0.28934512,0.13027249,0.04270552
0.51221169,0.28665119,0.14994429,0.05119282
0.41487776,0.42127707,0.13225053,0.03159464
0.49479454,0.33860264,0.13537852,0.03122430
0.54009441,0.31495520,0.11951440,0.02543599
0.48896570,0.33015853,0.14465525,0.03622052
0.54276205,0.30236681,0.13246567,0.02240547
0.58557878,0.27757891,0.11485898,0.02198333
0.54816014,0.28583912,0.13709623,0.02890451
0.62723705,0.24851702,0.09789616,0.02634978
0.59268596,0.25527965,0.12095808,0.03107631
0.56280211,0.24606348,0.14297650,0.04815791
0.23778932,0.46858891,0.18952528,0.10409650
0.38395459,0.37787305,0.15633626,0.08183611
0.51469343,0.30639977,0.13162270,0.04728411
0.51748380,0.30136795,0.13857738,0.04257086
0.64300324,0.24028301,0.09069366,0.02602009
0.77286614,0.15693036,0.06614298,0.00406052
0.20399355,0.49046631,0.17938046,0.12615967
0.25134409,0.46618936,0.17381393,0.10865262
0.31207748,0.42132074,0.15987908,0.10672270
0.34588036,0.39655739,0.15797471,0.09958755
0.47439170,0.32695410,0.13527425,0.06337995
0.24138215,0.48096889,0.16451403,0.11313493
0.28613530,0.46266420,0.16493445,0.08626605
0.34009920,0.42464031,0.15328403,0.08197645
0.37712500,0.39980751,0.16338682,0.05968067
0.51393806,0.31293683,0.14004165,0.03308346
0.31105891,0.42346503,0.16906738,0.09640867
0.35360149,0.41093391,0.15996541,0.07549919
0.40663760,0.37972241,0.14103591,0.07260407
0.44963460,0.34304752,0.14344109,0.06387678
0.57390707,0.26905795,0.13251890,0.02451608
0.23760778,0.47942053,0.17332411,0.10964759
0.31434742,0.42206378,0.16240646,0.10118235
0.23521418,0.46613219,0.18523839,0.11341524
0.25813768,0.46438353,0.17822862,0.09925018
0.32874378,0.41278120,0.15982647,0.09864854
0.36224113,0.38609661,0.15892800,0.09273426
0.26288742,0.45850423,0.17787710,0.10073124
0.28682013,0.46440072,0.15777240,0.09100675
0.35042726,0.41692539,0.15572735,0.07692000
0.39519859,0.37934949,0.15573814,0.06971378
0.32457430,0.41698368,0.15776378,0.10067824
0.35019033,0.41882411,0.14618965,0.08479591
0.40772223,0.37901430,0.13831568,0.07494779
0.45593009,0.34135840,0.13442870,0.06828280
0.36669820,0.38064399,0.15709238,0.09556543
0.39551547,0.37923066,0.15032683,0.07492704
0.45363508,0.33629123,0.14112289,0.06895080
0.49747957,0.30216605,0.13526819,0.06508619
0.49775027,0.30612506,0.13001684,0.06610783
0.52931359,0.30947216,0.12112947,0.04008479
0.59175937,0.25952758,0.11328253,0.03543053
0.62678756,0.23349107,0.10136256,0.03835880
0.25460702,0.46439972,0.17784322,0.10315003
0.31545395,0.42702472,0.16464006,0.09288127
0.25601940,0.46291614,0.17814090,0.10292356
0.20915908,0.48308028,0.18063341,0.12712723
0.26227360,0.45609940,0.17550161,0.10612539
0.31881291,0.41267276,0.16046947,0.10804487
0.34791770,0.39281895,0.16175223,0.09751112
0.29290415,0.45418353,0.16735184,0.08556048
0.35253946,0.40875918,0.15093205,0.08776930
0.39367862,0.37631520,0.15526409,0.07474209
