0.00000000,0.02449161,0.04316489,0.06227085,0.41565140,0.07211987,0.03023023,0.12980211,0.00000000,0.00000000,0.00000000,0.14513925,0.00000000,0.07712978,0.00000000,0.00000000
0.00000000,0.06968544,0.06353809,0.40405493,0.10788021,0.13990443,0.09134035,0.00343324,0.01354737,0.01667904,0.03936624,0.00000000,0.05057066,0.00000000,0.00000000,0.00000000
0.00000000,0.24025929,0.04983242,0.46053673,0.08643283,0.07579602,0.01555954,0.00688949,0.00000000,0.01488455,0.00000000,0.03139838,0.00000000,0.00839075,0.00000000,0.01002002
0.00000000,0.56618104,0.05994384,0.29969620,0.00453405,0.03104790,0.00881493,0.00000000,0.00000000,0.00000000,0.02619163,0.00000000,0.00000000,0.00000000,0.00000000,0.00359042
0.00000000,0.02718342,0.06105499,0.07799740,0.27994087,0.11037756,0.08489103,0.08772139,0.02323947,0.01010181,0.06546293,0.00890869,0.03226747,0.13085295,0.00000000,0.00000000
0.00000000,0.05765258,0.08118712,0.25364185,0.16492958,0.11700201,0.08231388,0.05028840,0.02419182,0.02475520,0.03042924,0.03653253,0.03293092,0.04223340,0.00148223,0.00042924
0.00000000,0.15523528,0.09182745,0.26694119,0.14553183,0.07258659,0.06549995,0.04462524,0.01704247,0.00901936,0.02641384,0.03636303,0.02707136,0.02122671,0.01346262,0.00715306
0.00000000,0.34746706,0.11006627,0.10510910,0.15341698,0.03936271,0.08257590,0.02844645,0.00268486,0.00429578,0.06188936,0.02146580,0.00929224,0.01654137,0.00627996,0.01110616
0.00000000,0.74038493,0.08745854,0.05097654,0.06633738,0.00026507,0.00000000,0.00000000,0.00000000,0.00000000,0.05457754,0.00000000,0.00000000,0.00000000,0.00000000,0.00000000
0.00000000,0.02240632,0.13067526,0.20986847,0.10193058,0.06736429,0.08380366,0.10125233,0.08971409,0.04647595,0.00565204,0.05231370,0.01737600,0.07116731,0.00000000,0.00000000
0.00000000,0.19798119,0.19335112,0.20276216,0.05039074,0.11114553,0.01755933,0.07722609,0.01427936,0.03092538,0.03468185,0.03024238,0.00000000,0.00033356,0.03912132,0.00000000
0.00000000,0.18961092,0.49095363,0.06321144,0.06818909,0.05844445,0.00764592,0.09463772,0.00000000,0.00000000,0.01387188,0.00000000,0.00000000,0.00000000,0.00038230,0.01305267
0.00000000,0.01372938,0.08893233,0.44656017,0.00310501,0.05979948,0.02484007,0.05604916,0.00000000,0.00625678,0.16334032,0.04287157,0.00000000,0.00000000,0.09399199,0.00052374
0.00000000,0.02772060,0.06310939,0.09745017,0.20982034,0.13650229,0.08482268,0.07378123,0.03739122,0.02517077,0.06320296,0.03340507,0.05349958,0.03769533,0.05317676,0.00325161
0.00000000,0.04846706,0.08104389,0.17256345,0.19095596,0.11619841,0.09197195,0.07053052,0.01381676,0.03160137,0.04929173,0.03010754,0.05394287,0.01889202,0.02896714,0.00164934
0.00000000,0.11586592,0.08737153,0.21138742,0.14228406,0.09888484,0.07771838,0.05796584,0.02111948,0.04082505,0.02319573,0.02994589,0.05239943,0.01254674,0.02789782,0.00059187
0.00000000,0.24879722,0.09785863,0.09665817,0.15360834,0.08066280,0.08705446,0.03553187,0.01867903,0.04076014,0.04062109,0.02929780,0.02292468,0.02006025,0.02546466,0.00202086
0.00000000,0.47031915,0.12312771,0.12138529,0.06853352,0.03718841,0.05001057,0.02466048,0.03043482,0.02470186,0.02268819,0.00656509,0.00556746,0.00662946,0.00000000,0.00818798
0.00000000,0.04936341,0.08395890,0.18231723,0.21942601,0.09735207,0.07595134,0.06290776,0.02576119,0.02953585,0.04154955,0.03220976,0.05981812,0.03525216,0.00002362,0.00457305
0.00000000,0.12667332,0.10607104,0.19806206,0.16485571,0.07745182,0.07529648,0.04394091,0.02600001,0.02001659,0.04735197,0.03490720,0.04567924,0.01496558,0.01404722,0.00468085
0.00000000,0.02549402,0.09938230,0.20080755,0.09038158,0.11315346,0.09303420,0.09380966,0.06297831,0.03226997,0.03657513,0.04982218,0.03085274,0.03732385,0.03180469,0.00231035
0.00000000,0.14504658,0.14407265,0.17193144,0.08123251,0.10954081,0.09722215,0.04853616,0.02318712,0.03427498,0.04897496,0.02218108,0.05329880,0.01263438,0.00681219,0.00105420
0.00000000,0.04301005,0.21227695,0.20295978,0.06239379,0.07729300,0.10556906,0.03341555,0.03653701,0.01106968,0.04305136,0.06618792,0.05620988,0.00636093,0.04366503,0.00000000
0.00000000,0.07269192,0.15900521,0.22846721,0.11036895,0.13016626,0.08128897,0.04856127,0.03318300,0.05136803,0.02709811,0.01842071,0.02572151,0.00496540,0.00604739,0.00264607
0.00000000,0.20235006,0.16334070,0.19742251,0.07396671,0.13444804,0.04822918,0.04513277,0.03402842,0.02535849,0.03242150,0.02278527,0.01062921,0.00594723,0.00353417,0.00040574
0.00000000,0.26561240,0.15896260,0.21884505,0.07680873,0.07458422,0.04417912,0.03135922,0.02811734,0.03061069,0.02991487,0.01427480,0.00744841,0.01288316,0.00000527,0.00639414
0.00000000,0.26420489,0.15962862,0.14877219,0.07111545,0.06349273,0.05922507,0.04699180,0.05254662,0.04704982,0.01396882,0.01774062,0.04481840,0.00998075,0.00046422,0.00000000
0.00000000,0.05871662,0.16425578,0.20480253,0.14903671,0.12044283,0.06421194,0.04851712,0.06032566,0.02868476,0.03018688,0.02226998,0.02060748,0.00730216,0.01610644,0.00453311
0.00000000,0.13062047,0.18761175,0.21865400,0.10905377,0.09153514,0.03832666,0.05187681,0.05304401,0.02717458,0.02039950,0.01611269,0.03497361,0.00858954,0.00407459,0.00795289
0.00000000,0.02273645,0.09919384,0.37344845,0.02351961,0.09683815,0.07162791,0.02684493,0.05185006,0.02798237,0.10839906,0.01081504,0.04886660,0.03459571,0.00328181,0.00000000
0.00000000,0.02375013,0.08235803,0.15752193,0.04312786,0.25496970,0.06628200,0.12404601,0.01621317,0.00190929,0.07430419,0.04139790,0.00172469,0.03605504,0.06838116,0.00795890
0.00000000,0.04191515,0.10160428,0.19815835,0.09498749,0.16395393,0.07790918,0.10270354,0.02418366,0.04088493,0.03354062,0.03281840,0.03944049,0.02013180,0.02776819,0.00000000
0.00000000,0.13767703,0.09951280,0.23189598,0.07011189,0.10983159,0.08256615,0.06899934,0.03188438,0.02245668,0.05354488,0.01409936,0.04103262,0.01551246,0.00093328,0.01994158
0.00000000,0.02933970,0.05893789,0.11066372,0.16923391,0.15702693,0.08616239,0.09249706,0.02041292,0.05450726,0.02201843,0.06294984,0.06168291,0.04820536,0.02636168,0.00000000
0.00000000,0.04345933,0.07785298,0.15682738,0.15084288,0.14429222,0.08342376,0.07257617,0.02987171,0.05051806,0.03912972,0.03740950,0.04766554,0.03189316,0.03047052,0.00376708
0.00000000,0.09457797,0.08002612,0.17611232,0.13649435,0.12086727,0.07582979,0.06932422,0.03025831,0.04732146,0.03584740,0.02882586,0.03521958,0.04392254,0.01151375,0.01385907
0.00000000,0.19500818,0.09319115,0.10034590,0.13313790,0.11566725,0.07470864,0.06455421,0.01458937,0.04597483,0.03992881,0.02799825,0.04997201,0.02867282,0.01294242,0.00330826
0.00000000,0.36067842,0.12140093,0.10248805,0.09097246,0.06661474,0.07147277,0.03195772,0.03671617,0.02932244,0.01464166,0.02420479,0.02970653,0.01101414,0.00594273,0.00286645
0.00000000,0.52867949,0.16151209,0.08956596,0.04437650,0.02742471,0.03903577,0.02596494,0.04367312,0.02237382,0.00047010,0.00645412,0.00280291,0.00766648,0.00000000,0.00000000
0.00000000,0.04852175,0.07820329,0.16460955,0.21677544,0.11539541,0.05750092,0.06903099,0.02334073,0.03874088,0.04697299,0.04116423,0.06476734,0.02542882,0.00062679,0.00892086
0.00000000,0.02689911,0.09159233,0.17979724,0.07961625,0.15857184,0.08870141,0.08483752,0.04402438,0.05375018,0.01766981,0.07860724,0.04076509,0.03574403,0.01170380,0.00771978
0.00000000,0.11673799,0.11763279,0.15021157,0.09018023,0.14138683,0.08484323,0.06208740,0.01903345,0.06072332,0.02013903,0.04472822,0.05698105,0.01025643,0.01299254,0.01206592
0.00000000,0.05758561,0.13069166,0.19106935,0.13503978,0.11255915,0.11375119,0.05635358,0.03349294,0.03000884,0.05356950,0.03165689,0.02712476,0.00574416,0.01099631,0.01035629
0.00000000,0.13990527,0.14315769,0.17346359,0.10275903,0.11317150,0.09185317,0.04216302,0.04419578,0.03441484,0.03010065,0.02509966,0.02101441,0.02222617,0.00380896,0.01266627
0.00000000,0.19989660,0.14361883,0.18559036,0.08120022,0.09112579,0.08840267,0.03390479,0.04126116,0.02512767,0.03838018,0.02263740,0.02096406,0.01783050,0.00079720,0.00926255
0.00000000,0.20717064,0.13005838,0.13932167,0.08577754,0.08983691,0.07262121,0.05889854,0.04965901,0.04322342,0.02484337,0.03690664,0.03157203,0.02544138,0.00422967,0.00043960
0.00000000,0.07498216,0.14897012,0.20285753,0.14588328,0.13557243,0.07921554,0.07308596,0.02232547,0.03311338,0.03810845,0.01891792,0.01886180,0.00252961,0.00367615,0.00190021
0.00000000,0.16849339,0.14944049,0.19992078,0.12408944,0.09665485,0.07213167,0.06631677,0.01173675,0.04969995,0.02137807,0.01725852,0.00731616,0.00661504,0.00346993,0.00547820
0.00000000,0.26870623,0.17484216,0.21690768,0.07824030,0.07418650,0.04130959,0.04806593,0.02313995,0.03472559,0.00449639,0.00872252,0.00147268,0.01747638,0.00770810,0.00000000
0.00000000,0.38230791,0.15734285,0.13288500,0.06227917,0.03920322,0.05385437,0.03920714,0.05505959,0.01834142,0.00308177,0.03416639,0.02020226,0.00067917,0.00000000,0.00138974
0.00000000,0.02896378,0.06660188,0.10474577,0.20634840,0.10929428,0.09448904,0.09648692,0.01448370,0.02959602,0.06545301,0.05289132,0.06820235,0.00678483,0.05299248,0.00266624
0.00000000,0.04465868,0.07531667,0.15064784,0.18700687,0.10685900,0.11036007,0.05680010,0.02453654,0.04032764,0.05882971,0.03323850,0.04711958,0.03234329,0.02886759,0.00308791
0.00000000,0.09537800,0.08437118,0.17460036,0.15292683,0.10192710,0.08948382,0.06023721,0.02173866,0.04271386,0.04473286,0.03863967,0.03296620,0.03583550,0.02041798,0.00403077
0.00000000,0.19693557,0.09641622,0.09975539,0.14898928,0.09171772,0.08732408,0.04996198,0.01778259,0.04881067,0.04794629,0.03295052,0.01028291,0.04250176,0.02709353,0.00153150
0.00000000,0.05901012,0.08971884,0.19565154,0.17699031,0.11610824,0.10117270,0.04086969,0.03396460,0.04486124,0.02691019,0.04112827,0.02730716,0.02559910,0.01787093,0.00283706
0.00000000,0.11138432,0.09706280,0.21250168,0.14376276,0.10152354,0.08927645,0.04737451,0.03061954,0.04000160,0.02556403,0.04136520,0.02654322,0.01249370,0.00981725,0.01070940
0.00000000,0.21399264,0.10930156,0.14298568,0.13844720,0.08773925,0.08719219,0.03922677,0.01763207,0.04847290,0.03043053,0.02964592,0.02188622,0.01762127,0.01215062,0.00327520
0.00000000,0.16597732,0.10143539,0.24408408,0.09973483,0.09220482,0.07794463,0.04316967,0.03051997,0.02716209,0.02270893,0.03850034,0.01498797,0.01820173,0.00985747,0.01351079
0.00000000,0.26750947,0.11659972,0.16624061,0.09444838,0.08380056,0.07643946,0.03184679,0.02721388,0.02886440,0.03392337,0.03099826,0.00509119,0.02153910,0.00498020,0.01050461
0.00000000,0.36328721,0.12600065,0.10632762,0.08866211,0.07247734,0.06726987,0.03120206,0.02237820,0.03612121,0.03360468,0.01929217,0.00179040,0.00295078,0.02863570,0.00000000
0.00000000,0.04433340,0.08068388,0.14053578,0.21397866,0.11211731,0.08377521,0.07537405,0.01720601,0.03277180,0.05618958,0.03200079,0.05938639,0.02523258,0.02434882,0.00206574
0.00000000,0.10209945,0.09873063,0.17324268,0.15512126,0.09136699,0.08841430,0.05667287,0.02065799,0.03538888,0.03766491,0.05630016,0.03651785,0.02305705,0.01982935,0.00493563
0.00000000,0.02556553,0.09368162,0.15294118,0.12953177,0.12085525,0.08623717,0.09150149,0.05237514,0.03896234,0.04973498,0.04443467,0.05196712,0.02470148,0.03407004,0.00344021
0.00000000,0.11809160,0.12509113,0.13444906,0.12173677,0.12775230,0.06375664,0.07946075,0.02371154,0.03251971,0.04917197,0.04963409,0.02362788,0.04111275,0.00615496,0.00372883
0.00000000,0.04045501,0.17128796,0.17789699,0.09379225,0.09842933,0.07945905,0.06505696,0.02581181,0.03940015,0.04223321,0.03728182,0.07581224,0.01705431,0.03598154,0.00004736
0.00000000,0.04445712,0.10475506,0.20552078,0.10839085,0.11823762,0.09637465,0.06523137,0.06380115,0.04162884,0.02711378,0.04296665,0.04793624,0.00944503,0.02254594,0.00159493
0.00000000,0.10369815,0.10976877,0.22739766,0.08433875,0.09679697,0.08178692,0.06007631,0.06441362,0.03681695,0.03553703,0.02268560,0.04667921,0.01432796,0.01460481,0.00107129
0.00000000,0.19273670,0.14185058,0.20199994,0.08442008,0.09600809,0.07644661,0.04737906,0.02648403,0.03374494,0.02594265,0.05033279,0.00947024,0.00200631,0.00933887,0.00183911
0.00000000,0.12816169,0.17464013,0.22660666,0.07846713,0.08133404,0.07156930,0.03986946,0.01879659,0.03792082,0.03385972,0.04393918,0.02209461,0.02291373,0.01460184,0.00522511
0.00000000,0.21194987,0.12916394,0.14993962,0.07129932,0.08769575,0.07444715,0.05329532,0.05729445,0.04179684,0.04115539,0.01657857,0.03378670,0.00872681,0.02045099,0.00241928
0.00000000,0.30059367,0.15739774,0.12055629,0.07658057,0.08827733,0.06864139,0.03038251,0.02682912,0.02953048,0.04586039,0.02967576,0.01080154,0.00090307,0.00297621,0.01099393
0.00000000,0.24193652,0.19001471,0.16341853,0.05472724,0.07833891,0.05506406,0.03233921,0.03205355,0.02249462,0.03407022,0.03689271,0.01399731,0.02926091,0.00310388,0.01228762
0.00000000,0.06253245,0.13894947,0.19009387,0.13268624,0.12332335,0.08211304,0.05348912,0.03940483,0.04951468,0.04282804,0.01255842,0.02243259,0.03929698,0.00386259,0.00691432
0.00000000,0.14731621,0.15345786,0.17452008,0.10537077,0.10162372,0.07445564,0.05359629,0.02646401,0.04341323,0.03983325,0.02729934,0.02894216,0.01374713,0.00622121,0.00373909
0.00000000,0.07812463,0.14905006,0.20352359,0.13775181,0.13088293,0.06449431,0.05398801,0.04368468,0.04880252,0.02543000,0.01864071,0.01125049,0.02723677,0.00144064,0.00569887
0.00000000,0.15105893,0.17739449,0.17657562,0.12119626,0.12725987,0.04784179,0.05897438,0.02312400,0.05082566,0.01377294,0.03530713,0.00547642,0.00389062,0.00303580,0.00426610
0.00000000,0.11558144,0.16962938,0.22775385,0.11881963,0.09855613,0.05895091,0.05888336,0.02768948,0.03557636,0.03002575,0.01718425,0.02478107,0.00562610,0.00247135,0.00847094
0.00000000,0.20801348,0.16976209,0.19314830,0.11911975,0.09264869,0.03513878,0.05246630,0.02697859,0.01942902,0.04648692,0.01457177,0.01266852,0.00239889,0.00581285,0.00135607
0.00000000,0.05567896,0.13867936,0.18590832,0.14775022,0.12213814,0.07426012,0.05167166,0.05630788,0.03708168,0.03272767,0.03561019,0.03095381,0.02015747,0.00249953,0.00857499
0.00000000,0.10338988,0.13203309,0.20179850,0.11752663,0.08042760,0.07331152,0.04210811,0.06785719,0.04652087,0.01984551,0.04413162,0.04038276,0.02533165,0.00017094,0.00516413
0.00000000,0.20421817,0.15326399,0.17591335,0.10048368,0.09317528,0.06482323,0.04272879,0.02468801,0.03985974,0.03750231,0.02044543,0.01618711,0.01558103,0.00782397,0.00330590
0.00000000,0.11122664,0.17987085,0.16618662,0.14911620,0.07891435,0.06678777,0.04359033,0.04476952,0.02686251,0.03001366,0.03500930,0.04445480,0.00890769,0.00702337,0.00726638
0.00000000,0.02469492,0.09265806,0.25239652,0.09972009,0.10981631,0.07068238,0.05811978,0.04670609,0.02623419,0.06213431,0.03752368,0.05748100,0.03137989,0.00904933,0.02140344
0.00000000,0.04084841,0.10737758,0.29724452,0.09904940,0.08488447,0.07452459,0.03978002,0.04329607,0.04378210,0.03620266,0.04291075,0.03236697,0.01839908,0.01247915,0.02685425
0.00000000,0.10745581,0.10266003,0.32466766,0.05938085,0.07793899,0.05490623,0.03750255,0.04067514,0.03359649,0.05450695,0.02518543,0.01915273,0.02166129,0.01595844,0.02475142
0.00000000,0.22926168,0.13222414,0.24469709,0.04202103,0.06777149,0.04820831,0.03436455,0.04344214,0.02114170,0.05773629,0.02292136,0.02324056,0.00690876,0.01355954,0.01250137
0.00000000,0.02305173,0.10937715,0.22319090,0.08007162,0.06593299,0.07716412,0.09876653,0.11152675,0.05799054,0.01427603,0.03812555,0.05218883,0.01027378,0.03079473,0.00726876
0.00000000,0.12151181,0.16193008,0.18548008,0.07146528,0.07837299,0.05391909,0.08463822,0.07812043,0.04578404,0.03453853,0.03864150,0.00514422,0.03360805,0.00630954,0.00053613
0.00000000,0.03814102,0.21708937,0.18970745,0.07478555,0.07177300,0.06804644,0.07349935,0.04387758,0.06837410,0.03936854,0.03497198,0.04840619,0.01308209,0.01861325,0.00026409
0.00000000,0.24358873,0.17422258,0.17290812,0.04910238,0.08690839,0.07176569,0.04267566,0.03615632,0.04716157,0.03675180,0.02653169,0.00850867,0.00240836,0.00131004,0.00000000
0.00000000,0.15755737,0.24560658,0.17168179,0.05433821,0.08286553,0.06302490,0.03762440,0.02011423,0.05445547,0.03718958,0.00882349,0.05165111,0.01098294,0.00401601,0.00006840
0.00000000,0.05973070,0.38659948,0.16975642,0.05261376,0.07785022,0.02773314,0.07529042,0.01318931,0.06015542,0.00000000,0.04027389,0.02368681,0.01312044,0.00000000,0.00000000
0.00000000,0.04745749,0.20291035,0.16248127,0.11052866,0.10394122,0.08394041,0.06546947,0.07193092,0.03179431,0.04112652,0.02857259,0.02344752,0.02115721,0.00507557,0.00016649
0.00000000,0.02140744,0.12738247,0.30112373,0.05406707,0.07755916,0.05485129,0.05214620,0.07957433,0.04910856,0.06739398,0.02187897,0.03520588,0.03129963,0.02262845,0.00437282
0.00000000,0.13485922,0.15636533,0.27700149,0.05429951,0.06880192,0.04517362,0.03980690,0.03207293,0.05370157,0.06076408,0.01071875,0.02317249,0.03760139,0.00234274,0.00331806
0.00000000,0.03026643,0.19334046,0.39006063,0.03567281,0.06666512,0.05084086,0.04928457,0.03055097,0.00311839,0.09144968,0.01905879,0.01696244,0.02268240,0.00004646,0.00000000
0.00000000,0.01803123,0.10325430,0.49132460,0.02109314,0.06095658,0.02708790,0.03896599,0.05999460,0.00942622,0.12160815,0.01139710,0.00026982,0.00294459,0.03364578,0.00000000
0.00000000,0.02608335,0.09272694,0.16555420,0.11075460,0.13574695,0.09790013,0.08621717,0.03203755,0.05043157,0.03603923,0.07949001,0.01680784,0.04768193,0.02244400,0.00008454
0.00000000,0.20623326,0.13278118,0.13641778,0.08576663,0.08492772,0.08231602,0.06000182,0.03568927,0.03726421,0.04488562,0.02296317,0.02337075,0.04290706,0.00151162,0.00296388
0.00000000,0.38249653,0.17337727,0.11782084,0.05545847,0.05254723,0.05490208,0.04003636,0.03287386,0.02725121,0.01606078,0.02193419,0.00607324,0.01683659,0.00215894,0.00017240
0.00000000,0.05416095,0.13572188,0.17876108,0.14253649,0.13687855,0.08960095,0.04343553,0.03961773,0.05396683,0.03221671,0.02820883,0.03148065,0.02517562,0.00373287,0.00450532
0.00000000,0.10652629,0.15899184,0.18558753,0.11436262,0.09916054,0.08473610,0.03971606,0.03855556,0.05242567,0.01871149,0.02479312,0.03093458,0.03055173,0.00439074,0.01055612
0.00000000,0.02747268,0.09898390,0.32256213,0.02722860,0.11192471,0.10488704,0.03763368,0.01534999,0.05622452,0.03724044,0.06300907,0.05132482,0.04230738,0.00022600,0.00362506
0.00000000,0.02718413,0.08367726,0.13892395,0.05758129,0.21217865,0.09362499,0.10893436,0.02253869,0.03101048,0.04805695,0.04398131,0.04424247,0.02973635,0.03898766,0.01934149
0.00000000,0.03955913,0.10386758,0.15140060,0.09477161,0.17843387,0.10576954,0.08530161,0.03949148,0.03063823,0.03653112,0.04184307,0.02854130,0.02721630,0.02630909,0.01032548
0.00000000,0.09589725,0.10200798,0.19675997,0.04650416,0.17833267,0.08073139,0.07567081,0.03692197,0.03101334,0.03217446,0.02792627,0.03780965,0.02109827,0.02705841,0.01009340
0.00000000,0.20714218,0.11114602,0.13095706,0.03333517,0.16650305,0.07797578,0.05437531,0.04062736,0.03587978,0.03516116,0.02663201,0.03119110,0.00884723,0.03402237,0.00620445
0.00000000,0.04006380,0.09655005,0.15036751,0.12091924,0.15750684,0.10208652,0.08297935,0.03559326,0.03484154,0.04194508,0.03702908,0.04123711,0.02782551,0.02584479,0.00521032
0.00000000,0.10979904,0.09765334,0.18015925,0.09973908,0.11846321,0.09199883,0.07540803,0.03148445,0.03198011,0.04294415,0.02994591,0.03825321,0.03071915,0.00622155,0.01523070
0.00000000,0.04116304,0.10002032,0.15694479,0.14840453,0.11283670,0.10956884,0.08206704,0.03146707,0.05058403,0.03982800,0.03111239,0.02915566,0.04489318,0.01959120,0.00236322
0.00000000,0.02908966,0.08112323,0.09454340,0.15072066,0.14222189,0.15730512,0.05298275,0.03981383,0.02072250,0.04505029,0.07530450,0.02278438,0.08694196,0.00136395,0.00003191
0.00000000,0.04454943,0.09802473,0.16141232,0.11544114,0.15124842,0.13092861,0.06171824,0.02594690,0.02786386,0.04301187,0.04402227,0.04092717,0.03779214,0.01376619,0.00334670
0.00000000,0.10540146,0.11377253,0.20053185,0.06921470,0.12042060,0.11036195,0.06056827,0.01950364,0.02580160,0.05687053,0.04106464,0.03043952,0.02238709,0.00614848,0.01751315
0.00000000,0.02968681,0.05841349,0.12035837,0.14642462,0.18675315,0.06927220,0.07384992,0.02083160,0.08464026,0.00519006,0.09700011,0.06019405,0.00887008,0.03851527,0.00000000
0.00000000,0.04144565,0.07648739,0.13366794,0.15816922,0.14644902,0.08082303,0.07737888,0.04369222,0.05651490,0.02151180,0.05819389,0.04817050,0.02761260,0.02519071,0.00469224
0.00000000,0.08256621,0.07834543,0.16396146,0.11819064,0.14227356,0.07763164,0.07740748,0.02664311,0.05645696,0.02381746,0.04294517,0.05064344,0.03354206,0.01924274,0.00633264
0.00000000,0.16123047,0.08826607,0.10026412,0.11928569,0.14178092,0.07032031,0.07345686,0.02549987,0.04644148,0.02871264,0.03668886,0.06214476,0.03300707,0.00996954,0.00293136
0.00000000,0.29288230,0.11499791,0.10315929,0.08352997,0.08887391,0.07830226,0.05450298,0.04549179,0.02380800,0.02529001,0.01739469,0.05323891,0.01233262,0.00572171,0.00047366
0.00000000,0.42636770,0.13856417,0.09553764,0.06620176,0.05042969,0.07297646,0.02689122,0.04816377,0.01266436,0.01621891,0.02453882,0.00857359,0.01287192,0.00000000,0.00000000
0.00000000,0.56042540,0.15573672,0.10364408,0.02998935,0.00767988,0.06447151,0.03399251,0.03429318,0.00621950,0.00354787,0.00000000,0.00000000,0.00000000,0.00000000,0.00000000
0.00000000,0.02950544,0.06384146,0.11431773,0.15960659,0.15055295,0.08529889,0.08141201,0.02310301,0.04785455,0.05824412,0.05162641,0.05870713,0.04364033,0.00987938,0.02240998
0.00000000,0.04238998,0.07238877,0.13610518,0.16941222,0.13954340,0.08853424,0.07185413,0.02560354,0.04624764,0.04038730,0.05286415,0.05369712,0.03338089,0.00980071,0.01779074
0.00000000,0.08403567,0.07607977,0.15953705,0.14179858,0.12833316,0.08665616,0.06286814,0.02881358,0.04384008,0.04779147,0.03832761,0.05669759,0.01885690,0.01572294,0.01064131
0.00000000,0.16496546,0.09330391,0.10106116,0.13176195,0.12039715,0.07974996,0.06071582,0.02154272,0.04547972,0.05086906,0.03851079,0.03283719,0.03562417,0.01967301,0.00350791
0.00000000,0.04092953,0.07642401,0.13552839,0.16111414,0.14158274,0.08736785,0.07408838,0.03221221,0.04279627,0.04571580,0.05054926,0.04084106,0.03555641,0.02551202,0.00978192
0.00000000,0.05282867,0.08579856,0.17673694,0.15383683,0.12529445,0.10066235,0.05525819,0.02981034,0.05268976,0.03604078,0.05174101,0.03561517,0.01700957,0.02172673,0.00495066
0.00000000,0.09498848,0.09539261,0.17756985,0.14090307,0.11744577,0.09442801,0.04788510,0.03590276,0.04146325,0.03509745,0.04743967,0.02701188,0.01503839,0.02166378,0.00776993
0.00000000,0.17694350,0.10598575,0.13287138,0.12517844,0.11080889,0.08624670,0.04153718,0.02841600,0.05563356,0.03759818,0.02997867,0.02764641,0.02532884,0.00964041,0.00618608
0.00000000,0.08253741,0.07883565,0.15906093,0.14977716,0.11544484,0.08313380,0.07367082,0.02646462,0.03218471,0.05351975,0.03972043,0.04266127,0.02869155,0.02542166,0.00887540
0.00000000,0.09563040,0.09680690,0.17551997,0.14729878,0.11765280,0.09090372,0.04968784,0.02684663,0.04243967,0.03630887,0.04761271,0.03101463,0.02712745,0.00997363,0.00517600
0.00000000,0.13653362,0.09661777,0.19835229,0.12208965,0.10436497,0.08665500,0.04913422,0.03012373,0.03722655,0.04193430,0.02938814,0.02544246,0.02254425,0.01791888,0.00167419
0.00000000,0.21842440,0.10857673,0.15715030,0.09644725,0.10534669,0.07087928,0.04891327,0.02052524,0.04839494,0.03411307,0.03182891,0.02496764,0.01380453,0.01723370,0.00339403
0.00000000,0.16240400,0.09087297,0.10746013,0.13954188,0.11163759,0.07886057,0.06575561,0.02134888,0.03493586,0.04815184,0.04100633,0.04031690,0.03499429,0.01734962,0.00536351
0.00000000,0.17474696,0.10128629,0.14042255,0.13387983,0.10194524,0.08688878,0.04365526,0.02198285,0.05559558,0.02704951,0.04319545,0.02756496,0.02227279,0.01273986,0.00677409
0.00000000,0.21639324,0.10675131,0.16051862,0.09996756,0.09199716,0.08856875,0.04201484,0.01881680,0.04421569,0.03467576,0.03212711,0.02756758,0.01896879,0.01438880,0.00302799
0.00000000,0.29609560,0.11680678,0.09890084,0.09940033,0.09119949,0.07015144,0.03929375,0.02258425,0.04118424,0.04105647,0.02899334,0.01932018,0.01730772,0.01230707,0.00539850
0.00000000,0.29561084,0.11969926,0.09455868,0.10912246,0.08207834,0.06088120,0.05636901,0.02619102,0.03797204,0.03484978,0.02131031,0.02476046,0.03025634,0.00221982,0.00412046
0.00000000,0.31022771,0.12836265,0.13263014,0.09928254,0.06860903,0.07819559,0.03161439,0.04044941,0.03465844,0.02182975,0.01823224,0.01781860,0.01094109,0.00666195,0.00048646
0.00000000,0.35215010,0.13290025,0.15029504,0.06907677,0.06843790,0.05955465,0.03220504,0.03588438,0.02595860,0.03136289,0.01298075,0.00976896,0.00775360,0.00502968,0.00664138
0.00000000,0.42952574,0.14143393,0.09909332,0.06258343,0.06307751,0.05027478,0.03324492,0.02981237,0.03135528,0.03029200,0.00675242,0.00608498,0.00651550,0.00699802,0.00295581
0.00000000,0.04214119,0.07880788,0.14259631,0.16575376,0.13152935,0.07668711,0.08057470,0.03218033,0.04188162,0.04880437,0.04440354,0.05571238,0.02552599,0.02839007,0.00501140
0.00000000,0.08790392,0.09098786,0.14864571,0.14886599,0.11548312,0.08576573,0.06189900,0.02987600,0.03593226,0.04335426,0.04246433,0.05821884,0.02763500,0.01581325,0.00715473
0.00000000,0.04292431,0.08180367,0.14003548,0.19187463,0.12129213,0.08467179,0.06881727,0.01889415,0.04890302,0.05267889,0.03934950,0.05813720,0.03052040,0.01663808,0.00345949
0.00000000,0.02661563,0.08317224,0.15165083,0.11658260,0.15040263,0.07524452,0.07623989,0.06628623,0.04229824,0.05091407,0.04321039,0.05264876,0.03402486,0.02270458,0.00800453
0.00000000,0.10013319,0.10803551,0.13812486,0.11625328,0.14105636,0.06320579,0.06636035,0.04258648,0.04350098,0.04887647,0.04366986,0.03615629,0.01916949,0.02823167,0.00463942
0.00000000,0.03917961,0.14850167,0.13267464,0.13278984,0.10629286,0.07767477,0.06893958,0.03457822,0.03871202,0.04931758,0.03928804,0.06961047,0.03782765,0.01498672,0.00962633
0.00000000,0.03999309,0.09549586,0.18614494,0.11195890,0.12687033,0.08363326,0.06368630,0.07301514,0.05079996,0.03359791,0.04634988,0.03921569,0.01903839,0.02031167,0.00988870
0.00000000,0.08493804,0.10112614,0.19940420,0.10439889,0.10671694,0.07359679,0.07277940,0.05158481,0.05250437,0.03637693,0.03348415,0.03706660,0.02334024,0.01571236,0.00697014
0.00000000,0.15730237,0.12610392,0.17944741,0.09635833,0.11763736,0.06970879,0.05538003,0.02681132,0.04484837,0.03556655,0.03785370,0.02441632,0.01463330,0.01047139,0.00346086
0.00000000,0.09965608,0.16339637,0.18880533,0.09562227,0.09229454,0.07804107,0.05085169,0.04287529,0.02625356,0.04149690,0.02832452,0.04070636,0.02702383,0.01836161,0.00629058
0.00000000,0.17215536,0.11080293,0.14832933,0.09276480,0.09360702,0.07356783,0.06323635,0.04869376,0.05755926,0.02705878,0.03373640,0.04111059,0.01851307,0.01144599,0.00741852
0.00000000,0.24417692,0.13962464,0.11290135,0.09332359,0.10852833,0.07144590,0.04470370,0.02215494,0.04818825,0.03413348,0.03289215,0.02329545,0.01678634,0.00341524,0.00442973
0.00000000,0.19124636,0.17085600,0.14961351,0.07955407,0.07668783,0.06318856,0.05472121,0.03561745,0.03418939,0.03384584,0.03112443,0.03204729,0.02595443,0.01870295,0.00265068
0.00000000,0.31771972,0.14598570,0.12910289,0.06025221,0.05448428,0.06352572,0.04691937,0.06815640,0.03344831,0.01828395,0.02071552,0.02372829,0.00867702,0.00027018,0.00873043
0.00000000,0.39018339,0.16382552,0.12513369,0.04849966,0.05216622,0.05911984,0.03986488,0.04041377,0.01346812,0.03812726,0.01442789,0.00536341,0.00410567,0.00065866,0.00464202
0.00000000,0.34401548,0.19735860,0.14005003,0.04076965,0.04550797,0.05567108,0.03036209,0.04053525,0.02435129,0.02739854,0.00735695,0.01870548,0.01567832,0.01107394,0.00116533
0.00000000,0.05433566,0.13275352,0.16953542,0.13750235,0.12947176,0.08669722,0.05139196,0.03878795,0.05883572,0.03641194,0.03886130,0.03782160,0.01644390,0.00994735,0.00120236
0.00000000,0.12036124,0.13598153,0.15399592,0.12640197,0.12053881,0.07015180,0.05391633,0.02871014,0.04934376,0.04290031,0.03600024,0.03273412,0.01556322,0.00603122,0.00736938
0.00000000,0.06565637,0.13854097,0.18353890,0.14598591,0.12823724,0.07032540,0.05639800,0.03395481,0.06354336,0.02871849,0.02841253,0.02166555,0.01477834,0.01583963,0.00440450
0.00000000,0.13157126,0.14889656,0.17322760,0.12537253,0.12051140,0.05590293,0.05465111,0.03238526,0.05902930,0.03138126,0.02012442,0.02174797,0.01994332,0.00162355,0.00363155
0.00000000,0.10127754,0.14762231,0.20941850,0.13038263,0.10852597,0.06529313,0.04905576,0.03300613,0.04326466,0.03293294,0.02713229,0.02958555,0.01469414,0.00635431,0.00145414
0.00000000,0.16911123,0.15465345,0.20287568,0.09371676,0.10504038,0.05726588,0.04060117,0.03407247,0.04411639,0.03851491,0.01989096,0.02117066,0.01498808,0.00340725,0.00057475
0.00000000,0.05125159,0.12946453,0.16396400,0.14664043,0.12305647,0.08627116,0.05622458,0.04620798,0.04981010,0.04061859,0.03968756,0.03961051,0.01741989,0.00911446,0.00065814
0.00000000,0.02655107,0.08414615,0.20240805,0.12850913,0.11577045,0.07362093,0.06067029,0.04843546,0.04727835,0.05232378,0.03739250,0.05354692,0.03550567,0.02266623,0.01117501
0.00000000,0.03732442,0.09957949,0.25301751,0.09948748,0.10055750,0.07683657,0.04783373,0.05042358,0.04673986,0.04435448,0.03992449,0.02172743,0.03289783,0.01451335,0.03478228
0.00000000,0.08766340,0.10123475,0.26094254,0.09192624,0.09045630,0.06192228,0.05974471,0.04521618,0.02758710,0.05596387,0.02331743,0.03248920,0.02110909,0.01303807,0.02738883
0.00000000,0.18140759,0.11441145,0.20785002,0.07613816,0.07850365,0.06332367,0.04613898,0.04160200,0.03143209,0.04873931,0.02682024,0.02977795,0.02039427,0.00843748,0.02502314
0.00000000,0.34027586,0.14442431,0.20116596,0.04019428,0.04153568,0.03810879,0.05031794,0.03414261,0.02672906,0.03706776,0.01729829,0.01158111,0.00466931,0.01210675,0.00038228
0.00000000,0.02682109,0.08582813,0.14098848,0.12259102,0.14287499,0.09030578,0.08569681,0.04726200,0.05170122,0.04517051,0.04669509,0.05069231,0.03003040,0.03233328,0.00100891
0.00000000,0.04026955,0.09717322,0.17318565,0.11810673,0.13369082,0.09729167,0.06931844,0.04577264,0.06042514,0.02813010,0.05714377,0.03509620,0.02465025,0.01336236,0.00638346
0.00000000,0.08661682,0.09959078,0.20105008,0.09367491,0.12261437,0.07830772,0.07114404,0.05525854,0.04002892,0.03614153,0.04425226,0.03080157,0.01960013,0.01497045,0.00594787
0.00000000,0.17386579,0.11397675,0.15182642,0.07123190,0.11551342,0.07277808,0.06254416,0.05709768,0.04191156,0.02605690,0.04415161,0.02760941,0.01990070,0.01235041,0.00918518
0.00000000,0.10121175,0.10856062,0.13072508,0.12801743,0.13153737,0.08124845,0.07264451,0.01605155,0.06029446,0.04227748,0.03975459,0.03235476,0.03643215,0.01654849,0.00234132
0.00000000,0.16201626,0.12039080,0.18500837,0.08351085,0.11380351,0.09159439,0.05484125,0.02406992,0.03498111,0.04055082,0.03461022,0.02422525,0.01548869,0.00948151,0.00542706
0.00000000,0.24858588,0.13278240,0.11869163,0.08708908,0.09844935,0.08736024,0.04994671,0.01709558,0.05123945,0.03038233,0.02594606,0.02790092,0.01574294,0.00318453,0.00560289
0.00000000,0.05275180,0.11766655,0.16842092,0.14157195,0.12370661,0.09538266,0.07228325,0.03954712,0.03258002,0.05694416,0.02631696,0.02688720,0.03515725,0.00327807,0.00750548
0.00000000,0.06806032,0.12923759,0.18528614,0.14713223,0.11665703,0.10997530,0.05516979,0.03849583,0.02873047,0.04440745,0.02648086,0.02854513,0.00941066,0.00779056,0.00462065
0.00000000,0.11484998,0.13193038,0.21911278,0.10617014,0.11379000,0.08603038,0.05899117,0.03044132,0.03600150,0.03574126,0.02446223,0.01306578,0.00707082,0.01390996,0.00843230
0.00000000,0.20330664,0.14641555,0.15357118,0.10349754,0.09470154,0.09004912,0.05260846,0.02303457,0.04165376,0.03838884,0.01952945,0.01276573,0.00564170,0.01030677,0.00452916
0.00000000,0.12186109,0.12080437,0.15919424,0.11707738,0.12222493,0.08586624,0.05919202,0.02933500,0.04724225,0.04067415,0.02014092,0.03139148,0.03343848,0.00766595,0.00389151
0.00000000,0.13717153,0.14010111,0.17442721,0.11812608,0.11611397,0.08203464,0.05389989,0.03268731,0.04692077,0.02466734,0.03258923,0.01812798,0.00917788,0.00518213,0.00877293
0.00000000,0.18012336,0.14193041,0.20528198,0.08640575,0.10500771,0.07137124,0.05686443,0.02840694,0.04122324,0.02594858,0.02434971,0.01386853,0.00857580,0.00889810,0.00174423
0.00000000,0.26988397,0.15357534,0.13500333,0.09128063,0.08759328,0.07955475,0.04025245,0.02321579,0.04708599,0.02466619,0.02535835,0.01038245,0.00403343,0.00441412,0.00369993
0.00000000,0.16098985,0.13184851,0.16861722,0.09407505,0.11489706,0.07067477,0.06201105,0.03648433,0.02370676,0.04837405,0.02062295,0.02296741,0.02979538,0.01223728,0.00269833
0.00000000,0.17606818,0.14159754,0.18867321,0.10883714,0.09336906,0.08330720,0.05044862,0.03675411,0.04063697,0.01782123,0.02408891,0.01787507,0.00765486,0.00920357,0.00366433
0.00000000,0.21803598,0.15116829,0.20036336,0.09015152,0.08092252,0.07826043,0.04012377,0.02224612,0.04775993,0.02139135,0.01906991,0.00979675,0.00871803,0.00885997,0.00313206
0.00000000,0.30316808,0.15858957,0.15446182,0.07424608,0.06602205,0.08219303,0.03547792,0.02327097,0.03967809,0.02498693,0.01604819,0.00403960,0.01202118,0.00401756,0.00177893
0.00000000,0.16917587,0.11816992,0.12349677,0.11380323,0.10339670,0.07252884,0.06279728,0.05298966,0.03315260,0.04402813,0.02436536,0.03828615,0.03982305,0.00163513,0.00235129
0.00000000,0.18248036,0.12869200,0.16646134,0.10310918,0.08852536,0.07529736,0.05473776,0.04732678,0.03903943,0.03320971,0.02711327,0.03000591,0.02043577,0.00227346,0.00129232
0.00000000,0.22956849,0.13097301,0.18218744,0.07431948,0.08690492,0.06584668,0.04827910,0.05415929,0.02812526,0.02998800,0.02428870,0.02833152,0.00794603,0.00799680,0.00108528
0.00000000,0.31192949,0.13938257,0.13131294,0.06479893,0.07699605,0.05751145,0.04454475,0.04995382,0.03145869,0.02901173,0.02557216,0.01922074,0.00708645,0.01085584,0.00036437
0.00000000,0.05628863,0.12037229,0.18841103,0.12138904,0.12749270,0.09503042,0.07175401,0.03216173,0.03610721,0.03621912,0.04632581,0.03953473,0.01918705,0.00462331,0.00510291
0.00000000,0.06581832,0.13349140,0.19173136,0.13215292,0.12228320,0.09299591,0.06857496,0.02613229,0.04100221,0.04488062,0.03470815,0.01944306,0.01254669,0.00626219,0.00797672
0.00000000,0.10289563,0.14113672,0.21784690,0.10036227,0.11282957,0.09538738,0.03510605,0.03636323,0.03827275,0.03305720,0.03580273,0.02336076,0.01265414,0.00800542,0.00691924
0.00000000,0.12255166,0.12585411,0.16963138,0.11843547,0.10362035,0.08705110,0.05563190,0.03999037,0.04006637,0.04596835,0.03033949,0.02554888,0.02609032,0.00573417,0.00348610
0.00000000,0.13480522,0.13721303,0.17242198,0.11494798,0.11939973,0.07290797,0.06484927,0.04529261,0.02795074,0.03747121,0.03347508,0.01725644,0.00628053,0.01176690,0.00396132
0.00000000,0.16687859,0.14557602,0.19417747,0.10646529,0.09880423,0.06068918,0.06007084,0.04051230,0.02340175,0.04089599,0.02423889,0.01678077,0.01259509,0.00666855,0.00224505
0.00000000,0.07106306,0.13574560,0.17806121,0.15189789,0.13737263,0.07270604,0.06918719,0.03042871,0.04089595,0.03941886,0.03241943,0.02001570,0.01003337,0.00857861,0.00217576
0.00000000,0.07946409,0.15136214,0.18899748,0.16171314,0.12334962,0.08607518,0.05987033,0.03013957,0.02869918,0.04519498,0.01577082,0.01659800,0.00514516,0.00332471,0.00429561
0.00000000,0.11698376,0.16022806,0.22673579,0.12489484,0.10212031,0.07522516,0.04752366,0.02835864,0.03502846,0.04095225,0.01595550,0.01380948,0.00523490,0.00218095,0.00476824
0.00000000,0.14082372,0.14016535,0.18998905,0.12786215,0.10360708,0.06955567,0.06602645,0.01963068,0.03619110,0.03674818,0.02745194,0.02126393,0.00911583,0.00704894,0.00451993
0.00000000,0.15168713,0.16283708,0.17336035,0.14523892,0.11255571,0.06751052,0.06123728,0.02068707,0.03792258,0.02987743,0.01960865,0.00675360,0.00486399,0.00089072,0.00496897
0.00000000,0.18803949,0.16730659,0.20399591,0.11743684,0.09747628,0.05100293,0.05721014,0.02453446,0.02849428,0.03089360,0.01812467,0.00557731,0.00383321,0.00585586,0.00021841
0.00000000,0.09268479,0.11514611,0.16735214,0.13072515,0.09694404,0.08331317,0.06734577,0.04237601,0.03972114,0.03639778,0.05552938,0.03456421,0.02990386,0.00468581,0.00331063
0.00000000,0.16680081,0.13547654,0.16428199,0.10726134,0.09947446,0.08496125,0.04532929,0.03705001,0.03136215,0.03463220,0.03931316,0.02065243,0.01812730,0.01195966,0.00331739
0.00000000,0.12112355,0.14471248,0.19524935,0.12732650,0.11085059,0.06663675,0.07111122,0.02350045,0.03122018,0.03494890,0.03849751,0.01629264,0.00737845,0.00625668,0.00489474
0.00000000,0.18126246,0.15514467,0.17623920,0.11991887,0.08982026,0.07474419,0.05490626,0.02409274,0.03675324,0.03118199,0.02209604,0.01789792,0.00919933,0.00468942,0.00205339
0.00000000,0.02514784,0.10816489,0.19134861,0.08026683,0.10359855,0.07232869,0.09599030,0.09592433,0.05435851,0.04020807,0.04348958,0.03663140,0.03630151,0.01163287,0.00460801
0.00000000,0.10060644,0.13576948,0.17735038,0.07407908,0.11047926,0.08232318,0.07780435,0.04449527,0.05367502,0.04530963,0.03634820,0.02980559,0.02707142,0.00140001,0.00348269
0.00000000,0.03677317,0.17722924,0.17281601,0.08290163,0.09361255,0.08129276,0.06905490,0.04614709,0.07009396,0.02475504,0.04203552,0.05801252,0.02466938,0.00292353,0.01768270
0.00000000,0.10477009,0.12786739,0.18520480,0.06998659,0.09976270,0.07098738,0.07160986,0.08446882,0.03887265,0.03846683,0.02436634,0.03782027,0.03121023,0.01128039,0.00332565
0.00000000,0.18881974,0.14894764,0.16548860,0.06055860,0.10554823,0.08694308,0.04079943,0.04497245,0.04460839,0.04162717,0.02805369,0.01328497,0.02383602,0.00302930,0.00348267
0.00000000,0.12963224,0.20576234,0.14718015,0.07869056,0.08455472,0.08158176,0.05322343,0.03663431,0.05017243,0.02274315,0.03245358,0.03354615,0.03045427,0.01269454,0.00067635
0.00000000,0.05614469,0.14090358,0.20169573,0.11530433,0.10446024,0.06997593,0.07702354,0.06738474,0.05814886,0.02573819,0.03098656,0.02241064,0.01731510,0.00952765,0.00298021
0.00000000,0.13634883,0.17492446,0.18307136,0.09255447,0.10316173,0.08346848,0.05947480,0.04301120,0.05091206,0.02813470,0.02292637,0.00760978,0.00404400,0.00966123,0.00069652
0.00000000,0.06553750,0.22959874,0.18927432,0.09370535,0.08017264,0.11138526,0.03643222,0.04624897,0.03430613,0.03538230,0.02168835,0.03698343,0.00338224,0.00272604,0.01317650
0.00000000,0.13286197,0.14681315,0.18686031,0.09512450,0.09032932,0.06390929,0.06338531,0.07999090,0.04056425,0.02939848,0.02445852,0.02017698,0.01220685,0.00721862,0.00670153
0.00000000,0.21187582,0.17461915,0.17161636,0.07625180,0.09791728,0.06725371,0.04285341,0.05051845,0.04414180,0.02898008,0.01516515,0.00625640,0.00354564,0.00708097,0.00192399
0.00000000,0.14670446,0.21552710,0.17575343,0.07826052,0.07633397,0.08749251,0.03135053,0.03922585,0.04133255,0.02520323,0.02482086,0.01754483,0.01102986,0.00944891,0.01997140
0.00000000,0.17380784,0.15870984,0.18632239,0.07379044,0.08591934,0.05460738,0.06459308,0.06782154,0.04148878,0.02534648,0.02476290,0.00647057,0.02254803,0.00754217,0.00626922
0.00000000,0.24494194,0.18661559,0.17439072,0.06982949,0.08603581,0.05598673,0.03999247,0.02654307,0.05671187,0.02092319,0.01426006,0.00650579,0.00410118,0.00524705,0.00791503
0.00000000,0.18991681,0.22754407,0.18195620,0.05924465,0.06869394,0.08113909,0.03043870,0.05541765,0.01403727,0.01667110,0.02520797,0.01452118,0.01868803,0.00531200,0.01121134
0.00000000,0.17937777,0.14618804,0.15445026,0.08050597,0.06533509,0.06311924,0.06794602,0.08130299,0.04916107,0.01599538,0.04088511,0.03543994,0.01070481,0.00456569,0.00502261
0.00000000,0.25778685,0.16386381,0.15384430,0.06001058,0.07359892,0.05593339,0.07360579,0.03113021,0.03521770,0.03720993,0.04059327,0.00732314,0.00752236,0.00133616,0.00102359
0.00000000,0.20289774,0.21698606,0.14326708,0.06185514,0.06922926,0.05488883,0.04953156,0.06185884,0.02611900,0.02118809,0.03615137,0.03009710,0.01163399,0.01419213,0.00010381
0.00000000,0.02416017,0.11088603,0.25947047,0.06821492,0.10208348,0.06678923,0.07583639,0.05278467,0.06128526,0.05200112,0.02951890,0.02888441,0.03124271,0.03575674,0.00108551
0.00000000,0.11316351,0.12746133,0.24045387,0.06559826,0.08316299,0.06094878,0.06857899,0.03139425,0.04739800,0.03983097,0.03992760,0.01548714,0.02210643,0.03063606,0.01385183
