0.00000000,0.03285737,0.03330089,0.17907083,0.05281573,0.05562468,0.00000000,0.13990563,0.08138575,0.04328007,0.26537225,0.00968350,0.04882406,0.00000000,0.00000000,0.05787924
0.00000000,0.08307920,0.16370851,0.05396129,0.07417284,0.01469931,0.18441771,0.10141506,0.02582588,0.16188386,0.01394649,0.01962461,0.03810083,0.06314836,0.00201605,0.00000000
0.00000000,0.21859998,0.17176540,0.06935739,0.02348808,0.12202216,0.13114712,0.03996190,0.09203465,0.04208548,0.01048920,0.04930565,0.02673136,0.00190479,0.00110684,0.00000000
0.00000000,0.37646322,0.13332567,0.02727087,0.08036855,0.09905178,0.15884578,0.03270204,0.01076011,0.02516230,0.02217196,0.02529009,0.00000000,0.00000000,0.00000000,0.00858764
0.00000000,0.03081896,0.04597026,0.14356247,0.06380947,0.02462263,0.15525486,0.08686180,0.05933906,0.03985881,0.15586317,0.09562579,0.00001415,0.02218230,0.05468474,0.02153154
0.00000000,0.06107755,0.10778391,0.11298477,0.04271517,0.08667623,0.12411810,0.07560085,0.08532169,0.06215684,0.09116722,0.05478291,0.05210280,0.02664175,0.01684124,0.00002897
0.00000000,0.13686338,0.12656440,0.09474043,0.05649226,0.06742859,0.13187323,0.07615592,0.06056985,0.06089576,0.08297845,0.05989629,0.01884524,0.01044383,0.01523118,0.00102121
0.00000000,0.23239314,0.09754828,0.07799233,0.07044189,0.15268677,0.07173646,0.04704564,0.04389238,0.08180372,0.02466189,0.04048601,0.04314023,0.00911261,0.00705865,0.00000000
0.00000000,0.46811481,0.09482601,0.03930741,0.01641585,0.26203232,0.02183907,0.00996207,0.01287102,0.01844773,0.01890819,0.00000000,0.03727552,0.00000000,0.00000000,0.00000000
0.00000000,0.02666024,0.11307351,0.14148181,0.05286408,0.02204464,0.11266878,0.08727439,0.08302907,0.07955876,0.10739873,0.05780690,0.02817581,0.02244937,0.04235843,0.02315548
0.00000000,0.18176184,0.14053919,0.08920240,0.05014031,0.02135590,0.17378243,0.08068931,0.04342624,0.08093894,0.05716425,0.04031883,0.00932222,0.02132147,0.00698952,0.00304715
0.00000000,0.34555392,0.14840883,0.06608743,0.03481407,0.05466608,0.16225368,0.10356563,0.00376415,0.01733399,0.05623877,0.00000000,0.00000000,0.00076486,0.00000000,0.00654859
0.00000000,0.02090940,0.28010162,0.04814407,0.04693044,0.03827047,0.05275175,0.03228461,0.00166617,0.12340968,0.16601014,0.04469860,0.05471619,0.00000000,0.00000000,0.09010686
0.00000000,0.03237173,0.06868437,0.12667702,0.04878882,0.02749084,0.15934030,0.08293497,0.07764189,0.08754945,0.12383696,0.05794741,0.01780948,0.04284228,0.02312769,0.02295679
0.00000000,0.05169810,0.09290659,0.11070346,0.05047178,0.07351853,0.13710487,0.08423618,0.08290851,0.07718230,0.07775999,0.05926380,0.04085376,0.03130162,0.01074299,0.01934752
0.00000000,0.10375674,0.11071895,0.09906272,0.05129861,0.07512472,0.13591310,0.07583671,0.07954921,0.06636221,0.07973229,0.05017469,0.02914058,0.01960505,0.01694527,0.00677913
0.00000000,0.17154742,0.08483285,0.09033249,0.08423070,0.08461708,0.10226007,0.06201138,0.07402427,0.07268950,0.04963219,0.04969742,0.02650462,0.02090965,0.00247383,0.02423652
0.00000000,0.30890901,0.12130734,0.04233796,0.09120349,0.15410228,0.05294019,0.06912228,0.04917975,0.03472078,0.03495391,0.00847874,0.01846774,0.00724722,0.00598022,0.00104907
0.00000000,0.05223831,0.10725954,0.09977217,0.05157571,0.08525105,0.12373278,0.08380352,0.07170854,0.08444064,0.08667309,0.06199381,0.04016371,0.03122372,0.01922557,0.00093783
0.00000000,0.10535917,0.11494142,0.09264533,0.06194260,0.06668558,0.14614075,0.06229224,0.06326516,0.08089428,0.08806956,0.05398188,0.01459887,0.03121960,0.00433760,0.01362595
0.00000000,0.02749676,0.10330763,0.12230331,0.05562939,0.04154303,0.11394544,0.09606109,0.08536026,0.10207028,0.07466517,0.06886221,0.03488079,0.02851071,0.01509458,0.03026935
0.00000000,0.13442727,0.11963906,0.09503994,0.05022702,0.05969309,0.13621472,0.08203345,0.06414736,0.07407322,0.07886085,0.04619231,0.01941491,0.02297833,0.01574228,0.00131617
0.00000000,0.04171832,0.18245756,0.09847067,0.04982038,0.05030738,0.09196878,0.05968072,0.08715562,0.11884914,0.06024996,0.01676070,0.02851216,0.05074380,0.04874516,0.01455967
0.00000000,0.06967804,0.16458979,0.08098652,0.05517066,0.09241029,0.12418011,0.10619143,0.07563200,0.07493458,0.03894569,0.03982178,0.02177547,0.02894558,0.01457654,0.01216152
0.00000000,0.15790659,0.15303122,0.06911591,0.04462929,0.10287959,0.14730670,0.08788378,0.05872397,0.05978107,0.02693008,0.04853999,0.01117176,0.01754903,0.01215955,0.00239147
0.00000000,0.22439506,0.16201714,0.05999380,0.03909392,0.10046074,0.15383069,0.06303858,0.05609877,0.05159478,0.02303123,0.03232070,0.00630213,0.01759657,0.01022589,0.00000000
0.00000000,0.18699498,0.12709579,0.07949415,0.07857412,0.09737477,0.08657440,0.07313965,0.05464187,0.05866487,0.05639622,0.02618947,0.02705236,0.02949815,0.00976033,0.00854886
0.00000000,0.06698338,0.16112812,0.10283013,0.05353578,0.08526262,0.13052384,0.08477656,0.06115647,0.09800427,0.04404608,0.03459110,0.02321504,0.02944699,0.00759176,0.01690786
0.00000000,0.12241601,0.19382439,0.07738552,0.05149227,0.08069141,0.12022362,0.08636854,0.06186572,0.05569819,0.05945986,0.02431820,0.02121424,0.02683367,0.00415400,0.01405436
0.00000000,0.02710038,0.19333266,0.10524969,0.05608647,0.02426508,0.08616359,0.07599421,0.04301445,0.10933091,0.13345456,0.07699768,0.02044651,0.02501263,0.00237061,0.02118059
0.00000000,0.03272744,0.09772341,0.10290003,0.05738494,0.06245523,0.07682105,0.12106577,0.10935821,0.03059523,0.10307911,0.11560933,0.02982293,0.00304441,0.04214049,0.01527243
0.00000000,0.05044616,0.11361151,0.11062576,0.05986233,0.06330699,0.11823461,0.11756607,0.06098411,0.06777145,0.10988924,0.06347696,0.01813546,0.01247557,0.02013541,0.01347837
0.00000000,0.11837537,0.13880185,0.09071662,0.04588337,0.06196259,0.14615267,0.09547603,0.04575916,0.07565364,0.08036223,0.05317774,0.00786459,0.01693174,0.01468471,0.00819769
0.00000000,0.03151270,0.07355956,0.11940153,0.04486977,0.04971908,0.14611567,0.08341825,0.06908117,0.11042914,0.13810377,0.03123548,0.01974082,0.03037260,0.05054291,0.00189756
0.00000000,0.04798399,0.09440991,0.10953194,0.04425094,0.07911783,0.13683782,0.08859283,0.07807779,0.09902877,0.08646530,0.04387921,0.03866717,0.03252582,0.01395941,0.00667125
0.00000000,0.08664344,0.10959243,0.09734878,0.04421448,0.09376987,0.11813551,0.08355505,0.07199815,0.09081098,0.08874291,0.03921107,0.02042963,0.02511518,0.02071217,0.00972036
0.00000000,0.14065236,0.08412895,0.09378895,0.07228303,0.07640251,0.11188980,0.07288872,0.07496981,0.09333856,0.05345613,0.04048036,0.02862279,0.03204727,0.01634978,0.00870099
0.00000000,0.24520618,0.09695848,0.06939015,0.11189069,0.09868829,0.08030035,0.06040755,0.07065841,0.04355162,0.03457678,0.03315725,0.02526839,0.01113128,0.01422632,0.00458826
0.00000000,0.34994436,0.12829393,0.02904555,0.13648166,0.13340101,0.04652988,0.07185444,0.02792496,0.02891670,0.01372040,0.00978076,0.01295512,0.01012045,0.00103079,0.00000000
0.00000000,0.04863120,0.10322902,0.09217810,0.06056446,0.08358029,0.12711137,0.08600968,0.07249376,0.09643545,0.08259113,0.06745694,0.02655704,0.04281492,0.00885894,0.00148770
0.00000000,0.02911298,0.09798333,0.11514933,0.05464488,0.03937045,0.14522099,0.08380515,0.07659139,0.11362747,0.09254936,0.05346695,0.01822356,0.04486460,0.02397565,0.01141391
0.00000000,0.11008827,0.11449748,0.09495500,0.04457818,0.06633171,0.12546243,0.09953198,0.07213036,0.08289743,0.07232823,0.05031230,0.02846413,0.02001136,0.01535695,0.00305418
0.00000000,0.06205044,0.14758163,0.08318528,0.05109275,0.10254343,0.11089214,0.10685147,0.08906301,0.05571128,0.05593121,0.05802270,0.03232971,0.01671037,0.00795198,0.02008262
0.00000000,0.12641434,0.13271033,0.08174894,0.04918956,0.08602798,0.14873414,0.07610664,0.08374439,0.05864645,0.05266010,0.03731148,0.03268840,0.01293172,0.00879460,0.01229094
0.00000000,0.17526344,0.13198168,0.07858383,0.05016342,0.08704867,0.13237747,0.07749860,0.07409819,0.04806530,0.05321060,0.03446794,0.02203241,0.00856698,0.01219720,0.01444427
0.00000000,0.14997226,0.11127043,0.08439380,0.08115478,0.08279350,0.09914224,0.06647890,0.08012632,0.07976358,0.03969189,0.04378014,0.03453676,0.01917381,0.01804293,0.00967866
0.00000000,0.08458944,0.16500033,0.06495898,0.05180962,0.13217698,0.11878387,0.11430934,0.07291562,0.04999891,0.04295197,0.04330018,0.02730854,0.01795469,0.00622429,0.00771725
0.00000000,0.14861007,0.14469074,0.06736834,0.05057060,0.12644812,0.13784705,0.09152023,0.07084209,0.05094263,0.02227442,0.04786686,0.01954906,0.00868655,0.00584439,0.00693886
0.00000000,0.24618690,0.17033298,0.03868528,0.05421267,0.11217615,0.14540494,0.07360687,0.03794629,0.04456713,0.03307411,0.01371858,0.00762191,0.00756606,0.01375725,0.00114286
0.00000000,0.26605489,0.13161944,0.05692879,0.10699116,0.10573960,0.08310438,0.05388562,0.04347882,0.04361169,0.03448645,0.04162291,0.00876949,0.01476583,0.00311175,0.00582918
0.00000000,0.03204381,0.08717039,0.10910721,0.04340590,0.03496716,0.15623161,0.08817602,0.06227515,0.12142036,0.10039563,0.05047651,0.04148428,0.03693555,0.01163493,0.02427550
0.00000000,0.04659117,0.09852119,0.10198033,0.05005421,0.07074276,0.13514831,0.08597546,0.07663149,0.08709471,0.08861954,0.05233560,0.04093253,0.03032501,0.01489732,0.02015038
0.00000000,0.08660821,0.10916992,0.09305053,0.05100654,0.07351776,0.13012784,0.08228227,0.06937433,0.09042157,0.08044160,0.04748831,0.03018065,0.02064726,0.01851535,0.01716787
0.00000000,0.13929835,0.08802564,0.09254902,0.07864167,0.06283504,0.11697217,0.07499041,0.07365316,0.09178544,0.05238902,0.05382317,0.02562085,0.01567484,0.01980286,0.01393836
0.00000000,0.06199898,0.11587225,0.08817615,0.05439651,0.09510701,0.12661020,0.09053850,0.09095240,0.07203018,0.05693847,0.05257301,0.03426383,0.03161253,0.01677854,0.01215146
0.00000000,0.10133485,0.13042746,0.08113208,0.05313161,0.10142097,0.12625069,0.07482972,0.08040398,0.07740938,0.06130118,0.03500744,0.03342206,0.02277852,0.01440930,0.00674078
0.00000000,0.15360184,0.10873132,0.07867345,0.07655346,0.10085150,0.10577347,0.07726662,0.06602755,0.08483857,0.03210771,0.03474991,0.04545897,0.01783675,0.00512461,0.01240428
0.00000000,0.14333425,0.13805646,0.07594456,0.05564778,0.10246662,0.12752046,0.06520105,0.06787518,0.07165734,0.05810266,0.03538233,0.02486590,0.01777534,0.01111938,0.00505070
0.00000000,0.19620063,0.11795940,0.07048290,0.07784806,0.10110750,0.10994803,0.06052124,0.06077817,0.08422057,0.02695370,0.04571696,0.02341125,0.00657882,0.00387722,0.01439555
0.00000000,0.24698534,0.09871426,0.06552775,0.10713593,0.10694982,0.07472878,0.06627221,0.07661318,0.03949501,0.02854528,0.04573759,0.01870837,0.00656053,0.00000000,0.01802595
0.00000000,0.04761090,0.09475922,0.10268919,0.05684310,0.06797226,0.13025360,0.08790991,0.07416852,0.09109356,0.08576804,0.05069348,0.05434749,0.01958391,0.01505139,0.02125542
0.00000000,0.08736127,0.10849970,0.09340027,0.05871007,0.06165763,0.14687629,0.07202853,0.06000887,0.08492312,0.09510736,0.03619897,0.04919078,0.01257962,0.01478834,0.01866917
0.00000000,0.02974496,0.09841294,0.11685491,0.05066388,0.04203531,0.13649886,0.09260905,0.08462440,0.08799426,0.09810815,0.05397794,0.03756219,0.03108432,0.01639858,0.02343022
0.00000000,0.10667646,0.11185336,0.09308656,0.04860937,0.05538733,0.14184457,0.08147994,0.07560656,0.07825659,0.07893608,0.04693187,0.02226620,0.01894092,0.02888703,0.01123715
0.00000000,0.04007697,0.15084295,0.10239142,0.05049020,0.03863845,0.11002840,0.07165109,0.10019241,0.09187741,0.07110134,0.05025197,0.03326920,0.02841763,0.02540773,0.03536284
0.00000000,0.04638788,0.11907310,0.10456185,0.05461923,0.07594338,0.11570319,0.08700735,0.09216109,0.08612189,0.06943997,0.04820608,0.03144249,0.03357877,0.01395677,0.02179697
0.00000000,0.09194149,0.13112817,0.09492069,0.05616083,0.07106549,0.12758417,0.08124049,0.07183292,0.08587529,0.06667213,0.03430183,0.03680246,0.02644207,0.01008446,0.01394751
0.00000000,0.16790328,0.14903116,0.06636674,0.05357578,0.09124732,0.12114422,0.07743428,0.08138148,0.05210895,0.04914107,0.02986268,0.03262957,0.01178171,0.01238042,0.00401134
0.00000000,0.11052338,0.18724355,0.07607351,0.05464992,0.06965806,0.10477786,0.06925331,0.06770877,0.09554780,0.04763899,0.03274250,0.02234938,0.02523843,0.02083275,0.01576181
0.00000000,0.14796958,0.11154339,0.08850036,0.08116965,0.08338302,0.09385791,0.07559334,0.08677170,0.06591201,0.05206131,0.03966902,0.02722956,0.02090259,0.00801702,0.01741954
0.00000000,0.22726010,0.12741608,0.06047734,0.08405376,0.09345099,0.09925002,0.07464370,0.07125061,0.04355462,0.02882417,0.04669986,0.02040555,0.01418773,0.00524348,0.00328198
0.00000000,0.16948337,0.16963134,0.06619534,0.07995598,0.08085301,0.07666841,0.07075910,0.06152523,0.07673777,0.03307917,0.04335804,0.02164434,0.00712076,0.01473165,0.02825648
0.00000000,0.06313532,0.13554700,0.09377319,0.06406727,0.08472119,0.11456949,0.08862589,0.09471377,0.07300278,0.06002019,0.04909135,0.02497282,0.02788948,0.02064960,0.00522065
0.00000000,0.12806996,0.12819906,0.08086568,0.05609085,0.08250959,0.13218403,0.08253541,0.08043964,0.06965525,0.05943892,0.03797343,0.02901800,0.01825513,0.00958803,0.00517702
0.00000000,0.07369902,0.16393004,0.08265133,0.05590663,0.10904641,0.12004472,0.09808263,0.07891761,0.06764736,0.03891709,0.03503229,0.03015902,0.01898374,0.02456059,0.00242153
0.00000000,0.14191238,0.15489744,0.06904079,0.05659498,0.09955350,0.13454412,0.08804814,0.05567179,0.06947650,0.04175492,0.03506827,0.02724273,0.00841656,0.01147085,0.00630703
0.00000000,0.11436272,0.17669723,0.07817407,0.05680125,0.11080347,0.11877724,0.07319370,0.08501181,0.05342341,0.04424018,0.02220648,0.02216760,0.03483666,0.00347719,0.00582699
0.00000000,0.18038464,0.16855474,0.06495304,0.05059857,0.10829508,0.13109337,0.06687755,0.06461872,0.05559199,0.02932188,0.03150356,0.02320119,0.01524601,0.00243456,0.00732511
0.00000000,0.05820207,0.13925560,0.10785164,0.06449934,0.07793526,0.11711106,0.08356898,0.07701582,0.08384220,0.05926896,0.06151985,0.02900996,0.01758206,0.01124141,0.01209579
0.00000000,0.09108501,0.13053823,0.09580094,0.06361811,0.06723195,0.12129859,0.07638189,0.07531397,0.07846647,0.06929944,0.04302008,0.03392567,0.01723195,0.01873131,0.01805639
0.00000000,0.17523415,0.13368089,0.07204525,0.05421602,0.10253298,0.12630812,0.06821192,0.05805787,0.06610785,0.05256343,0.03938530,0.02107052,0.01326757,0.00767517,0.00964295
0.00000000,0.10182345,0.15387943,0.09603945,0.06164695,0.07026454,0.13677403,0.05938007,0.07240164,0.06512946,0.07358266,0.04208864,0.02731068,0.02237027,0.00664057,0.01066817
0.00000000,0.02809054,0.14895322,0.12017778,0.04729684,0.04061787,0.10266673,0.07389129,0.08313013,0.09644922,0.12273765,0.04537329,0.04470783,0.02011949,0.01844368,0.00734444
0.00000000,0.04687289,0.16747493,0.10714493,0.05258709,0.07465657,0.08660664,0.07774311,0.07532797,0.09473115,0.08093591,0.05301698,0.04022161,0.01445698,0.00823077,0.01999246
0.00000000,0.09934497,0.19115013,0.08633132,0.05312622,0.07742063,0.08357509,0.06997736,0.05836837,0.09403042,0.09030878,0.04088972,0.01823167,0.01233787,0.00922927,0.01567817
0.00000000,0.16225875,0.18112023,0.06921814,0.07779635,0.09424956,0.04658052,0.06705552,0.06574543,0.07132777,0.06679543,0.04697547,0.02147202,0.01019175,0.01272523,0.00648785
0.00000000,0.02776536,0.11315476,0.12723250,0.06323802,0.02965412,0.11092345,0.09904372,0.12943052,0.05400352,0.09696941,0.03338884,0.04461678,0.03663352,0.00168419,0.03226129
0.00000000,0.11362927,0.13622640,0.09981544,0.04613128,0.06107614,0.10838105,0.09721736,0.09326582,0.05476314,0.08410866,0.02597132,0.03055227,0.02040604,0.01700345,0.01145237
0.00000000,0.03873489,0.18430596,0.10216757,0.05546582,0.04511776,0.08870884,0.08031471,0.11208837,0.08387870,0.04808253,0.06045748,0.02700604,0.02110254,0.02440079,0.02816799
0.00000000,0.19947905,0.15320259,0.07070998,0.04227027,0.08125159,0.12273855,0.09609668,0.05513349,0.05283076,0.04245902,0.03569238,0.01622295,0.02440521,0.00750748,0.00000000
0.00000000,0.13770802,0.20648328,0.06980944,0.04679511,0.07555777,0.09580030,0.06758360,0.08363694,0.06902200,0.04286839,0.03841671,0.01886188,0.03502021,0.00463016,0.00780618
0.00000000,0.06601146,0.29905591,0.07423480,0.04970216,0.04288997,0.07379148,0.06391973,0.16166315,0.08088465,0.03416087,0.00540730,0.01411142,0.01349951,0.02066761,0.00000000
0.00000000,0.04991317,0.16818967,0.11925367,0.06212298,0.06252933,0.10596026,0.10688906,0.07484073,0.07940731,0.06290181,0.03482989,0.02161388,0.02912166,0.01287255,0.00955403
0.00000000,0.02438930,0.18161007,0.12550146,0.05067714,0.04137707,0.08540659,0.07843979,0.07851683,0.11602529,0.09558714,0.04572444,0.03555490,0.01935406,0.01931003,0.00252588
0.00000000,0.12355455,0.18585216,0.09469575,0.04244563,0.06440008,0.09408297,0.05951368,0.06377674,0.08974596,0.05739537,0.05945029,0.01247748,0.00651872,0.00939773,0.03669289
0.00000000,0.02854742,0.30071039,0.08899046,0.04383374,0.05446144,0.03938830,0.06299494,0.10519848,0.15782280,0.06464396,0.00725442,0.01572522,0.00282778,0.00629510,0.02130554
0.00000000,0.01916612,0.31669879,0.07165682,0.04972432,0.04843719,0.01974245,0.05591025,0.07077311,0.18051242,0.07067706,0.07833582,0.00874738,0.00354762,0.00000000,0.00607066
0.00000000,0.02895110,0.10506559,0.11190483,0.05093440,0.04239391,0.12842016,0.09334116,0.08101680,0.10142313,0.08319371,0.05343269,0.06590704,0.00420811,0.01878222,0.03102516
0.00000000,0.14718530,0.11677698,0.08422935,0.07844891,0.07116238,0.10874169,0.07581754,0.07511584,0.06688374,0.04827164,0.05693589,0.02053748,0.01884742,0.02666878,0.00437705
0.00000000,0.26695231,0.12921723,0.05906475,0.09862654,0.10595993,0.08739770,0.06714216,0.05049987,0.03621794,0.03775303,0.02960720,0.00941153,0.00666205,0.00966809,0.00581967
0.00000000,0.05712266,0.14204984,0.10325969,0.05723976,0.07894212,0.12527432,0.08959813,0.07509086,0.08975427,0.05391761,0.05131975,0.02999905,0.01474581,0.01853635,0.01314979
0.00000000,0.09816062,0.15963740,0.09238799,0.05500849,0.07918354,0.11938454,0.08409200,0.06759939,0.05770901,0.08588082,0.03272597,0.02191957,0.01469946,0.01897277,0.01263843
0.00000000,0.03074066,0.13784448,0.13424130,0.05204535,0.02838046,0.10314274,0.09068397,0.03884660,0.11967866,0.13674660,0.03793250,0.00076416,0.02379547,0.06388021,0.00127683
0.00000000,0.03152022,0.08840690,0.11084339,0.05112749,0.05607233,0.11998590,0.10997028,0.07933576,0.08290797,0.08200547,0.08125829,0.03062612,0.01705929,0.02283107,0.03604950
0.00000000,0.04931600,0.10997536,0.09590449,0.05752825,0.08225423,0.11160676,0.12056674,0.07057099,0.07527827,0.06701929,0.07161186,0.03353726,0.01772453,0.01862945,0.01847651
0.00000000,0.09353306,0.12244320,0.08478983,0.06059799,0.08069726,0.11044875,0.11149303,0.06362937,0.06082207,0.08007999,0.04887412,0.02861842,0.02222589,0.00637985,0.02536719
0.00000000,0.15086470,0.09851976,0.08538828,0.07977794,0.08546825,0.09110805,0.10128074,0.06537540,0.04840970,0.08405830,0.02367454,0.03743313,0.02001709,0.01935210,0.00927200
0.00000000,0.04565066,0.10160256,0.11598958,0.05136228,0.06793827,0.11800072,0.11120943,0.06763342,0.09863031,0.07104600,0.05706120,0.02839723,0.02655969,0.02182611,0.01709253
0.00000000,0.09480595,0.11512182,0.10160899,0.04873603,0.06471999,0.13593361,0.09281803,0.06478357,0.09263576,0.06374087,0.04713806,0.02916617,0.01650108,0.02098133,0.01130873
0.00000000,0.04652084,0.11260115,0.10326460,0.05918549,0.06453771,0.13501996,0.08900622,0.07254047,0.08217106,0.10129587,0.05554632,0.01527684,0.01978531,0.03291445,0.01033370
0.00000000,0.03336444,0.07606608,0.11869656,0.05290097,0.03253996,0.15457213,0.09398712,0.08678020,0.08479223,0.11300887,0.04941888,0.02586874,0.01070994,0.03616434,0.03112954
0.00000000,0.04756490,0.09977132,0.11084901,0.05403926,0.06425992,0.13067938,0.10711967,0.08313145,0.06739952,0.09613108,0.06330956,0.01631742,0.02672901,0.02654233,0.00615616
0.00000000,0.09416174,0.09601428,0.11766402,0.05860733,0.06190545,0.13614281,0.10494209,0.06228274,0.06945551,0.08946891,0.04849253,0.02136147,0.01621505,0.01527818,0.00800790
0.00000000,0.02962597,0.09467709,0.09105141,0.04041795,0.07637231,0.11604055,0.09652930,0.07518790,0.12016078,0.08609643,0.06943281,0.01878674,0.02972992,0.02405043,0.03184043
0.00000000,0.04342365,0.09920625,0.09468282,0.04664967,0.09069174,0.11607906,0.10031559,0.06346828,0.12681224,0.08352247,0.03649984,0.03297099,0.02717565,0.02765381,0.01084794
0.00000000,0.07439138,0.10519092,0.09249666,0.05054300,0.08912544,0.11672770,0.08946067,0.06002416,0.11298647,0.08734812,0.03254524,0.02332024,0.02308938,0.02384838,0.01890223
0.00000000,0.11948270,0.09106997,0.08666463,0.08076670,0.06537162,0.11218664,0.08446668,0.06399554,0.11109397,0.06072381,0.03588511,0.02272892,0.02151973,0.04260491,0.00143906
0.00000000,0.20707072,0.08943606,0.07834343,0.11479782,0.07341513,0.08310191,0.07565755,0.07586827,0.05985992,0.04008693,0.03216452,0.02814514,0.02149334,0.01481952,0.00573973
0.00000000,0.29230687,0.10009224,0.05767165,0.13826413,0.09482639,0.07051250,0.06996601,0.05049784,0.03099808,0.02958290,0.02526787,0.02589333,0.00764765,0.00423922,0.00223333
0.00000000,0.37522274,0.12682123,0.02095423,0.15777136,0.11905511,0.06969498,0.05414368,0.01891503,0.02922539,0.01324529,0.00131500,0.01363597,0.00000000,0.00000000,0.00000000
0.00000000,0.03203280,0.08894045,0.10271284,0.03921618,0.05550594,0.13967865,0.09060280,0.08109912,0.11314464,0.09876516,0.05513723,0.03031324,0.03688000,0.02501788,0.01095307
0.00000000,0.04405272,0.10161154,0.09438001,0.04536378,0.08613727,0.12998584,0.08565559,0.08085796,0.10030049,0.09224596,0.03910198,0.03529322,0.03273810,0.02803616,0.00423940
0.00000000,0.07648747,0.10385612,0.09516494,0.04523350,0.08593413,0.12402232,0.08419145,0.07607481,0.09681874,0.08535958,0.04120216,0.02287387,0.03226974,0.02120420,0.00930699
0.00000000,0.11883152,0.08846607,0.09244952,0.06922068,0.07505799,0.11281357,0.08427347,0.06863758,0.09537768,0.07269708,0.04044924,0.02669891,0.02391968,0.02389116,0.00721583
0.00000000,0.04425509,0.09423143,0.10320327,0.04698147,0.08014242,0.13335017,0.08626002,0.08330031,0.09309997,0.09165207,0.04117072,0.04787962,0.02674930,0.01622090,0.01150325
0.00000000,0.05646976,0.11592103,0.08464080,0.05059295,0.10990695,0.11453242,0.09003240,0.08435031,0.08637096,0.06961837,0.03555775,0.05507478,0.02171005,0.01023415,0.01498731
0.00000000,0.08790734,0.12127957,0.08358637,0.05174985,0.10399570,0.11845297,0.09112183,0.07216236,0.08250851,0.06711010,0.03916849,0.03683790,0.02005005,0.00563729,0.01843167
0.00000000,0.13211453,0.10651578,0.08112117,0.07302946,0.09587888,0.10619365,0.08166338,0.07686959,0.07590637,0.06008975,0.04173431,0.02967171,0.01999802,0.01365734,0.00555607
0.00000000,0.07507325,0.10203506,0.09875005,0.04891049,0.08261672,0.12416448,0.08779790,0.07164872,0.09421572,0.07917317,0.04204241,0.04128458,0.01965615,0.01490304,0.01772827
0.00000000,0.08758366,0.12517351,0.07800990,0.05339576,0.10821774,0.11438319,0.08621144,0.07627875,0.07980141,0.06316963,0.04423176,0.03266639,0.02312122,0.01768000,0.01007563
0.00000000,0.11955621,0.12738669,0.08207721,0.05274940,0.11294507,0.10857257,0.08142625,0.07426895,0.07024574,0.06656548,0.03898413,0.02149097,0.01714705,0.01552125,0.01106302
0.00000000,0.16248500,0.11318615,0.07636599,0.07719664,0.10001579,0.09371802,0.08065189,0.07066199,0.06694776,0.05958246,0.03392711,0.02377614,0.01852694,0.00711263,0.01584549
0.00000000,0.11974931,0.08795880,0.09072950,0.07452499,0.06923604,0.11507888,0.08320316,0.06974726,0.08811027,0.06096495,0.05281062,0.02933853,0.02975193,0.01453199,0.01426376
0.00000000,0.13132456,0.10437071,0.08063276,0.08048976,0.09371564,0.10080525,0.08051518,0.08193882,0.07327622,0.04948743,0.04226117,0.03755490,0.02303884,0.01317504,0.00741374
0.00000000,0.16212022,0.11178649,0.07618982,0.08239755,0.09541549,0.09841526,0.07831899,0.06833552,0.06699808,0.05684112,0.03761860,0.02188478,0.02084385,0.00926113,0.01357310
0.00000000,0.20654396,0.09728234,0.07055060,0.10750432,0.08699411,0.08129314,0.07491703,0.06801088,0.07021933,0.04006133,0.03483361,0.02357050,0.02029253,0.00716170,0.01076463
0.00000000,0.20347895,0.09698015,0.07431159,0.10255918,0.08458544,0.09300591,0.07107682,0.06502893,0.05894014,0.04850895,0.04277888,0.02013235,0.00982073,0.01698569,0.01180628
0.00000000,0.21683916,0.11653969,0.05902247,0.10350051,0.11504714,0.08034056,0.07882260,0.06014030,0.05461468,0.03365862,0.02671667,0.02894280,0.01655462,0.00651642,0.00274375
0.00000000,0.25015361,0.12401264,0.05222302,0.10810092,0.10602961,0.09053911,0.06306415,0.05866182,0.04391243,0.03548784,0.03095882,0.01537965,0.00972630,0.00355037,0.00819973
0.00000000,0.29328367,0.10818663,0.04931153,0.12773465,0.11218990,0.06832157,0.05928333,0.06391954,0.03427629,0.02866537,0.02295951,0.01460168,0.00821859,0.00319946,0.00584827
0.00000000,0.04455839,0.10088939,0.09515418,0.05125424,0.07632947,0.12886244,0.08681380,0.07720422,0.10348820,0.08168933,0.05078982,0.04070947,0.03170746,0.01563424,0.01491536
0.00000000,0.07667211,0.10592700,0.09208826,0.05516490,0.07865179,0.12291738,0.08172742,0.07011542,0.09195522,0.08616506,0.04416423,0.03504821,0.03145945,0.01674649,0.01119706
0.00000000,0.04538104,0.09618997,0.09541319,0.05989787,0.07499729,0.12268320,0.08464653,0.08286376,0.09825925,0.08280328,0.06625536,0.03756232,0.02368855,0.01698088,0.01237751
0.00000000,0.03098604,0.10215851,0.10687453,0.04733998,0.05329378,0.13587943,0.09563768,0.07589540,0.10152579,0.09706908,0.05440018,0.02891155,0.03913535,0.01892285,0.01196984
0.00000000,0.09143916,0.11631859,0.08516225,0.04318906,0.06493175,0.13958027,0.08037028,0.08287014,0.09254945,0.07759455,0.03682361,0.02996090,0.02037014,0.02116710,0.01767274
0.00000000,0.03837549,0.13484020,0.10468958,0.04609238,0.04812788,0.10431490,0.08710862,0.09900459,0.09845698,0.05479279,0.05958072,0.02995608,0.03137553,0.03601215,0.02727210
0.00000000,0.04427831,0.11329426,0.10357082,0.05213627,0.07464019,0.13079924,0.08950153,0.08776111,0.08694821,0.08478050,0.03973793,0.04123518,0.02418181,0.01479534,0.01233929
0.00000000,0.07802722,0.12288909,0.09655301,0.05313341,0.07908741,0.12434513,0.08262252,0.07407905,0.09740667,0.07120139,0.03498627,0.03207419,0.01788554,0.01938633,0.01632279
0.00000000,0.13846474,0.13007180,0.08043999,0.05272932,0.09705549,0.11808383,0.07690971,0.07277287,0.07336920,0.05375842,0.04334477,0.02479035,0.01574656,0.01387237,0.00859058
0.00000000,0.09079821,0.15804037,0.09215623,0.04958786,0.08273381,0.09302275,0.07887091,0.09262226,0.07733449,0.04901261,0.04483296,0.02189220,0.02615195,0.02565316,0.01729022
0.00000000,0.12590142,0.10388946,0.09358262,0.07804679,0.07283153,0.10795722,0.07463179,0.08743975,0.07708138,0.05695213,0.04108648,0.02943975,0.02939509,0.01054046,0.01122414
0.00000000,0.18536179,0.11156874,0.07564323,0.08025168,0.08418332,0.10981039,0.07978913,0.06401496,0.06351501,0.04341808,0.04139104,0.03019471,0.01430831,0.01188674,0.00466287
0.00000000,0.13952221,0.14055409,0.08705605,0.07747116,0.07356526,0.08103915,0.07814697,0.08625307,0.06197475,0.03819784,0.05277500,0.02489236,0.01471887,0.02455809,0.01927514
0.00000000,0.21651754,0.11864772,0.06705565,0.10042768,0.10165011,0.08341295,0.06215566,0.08072839,0.04578809,0.04357607,0.01929181,0.02668119,0.01615869,0.00725925,0.01064919
0.00000000,0.27865924,0.13048270,0.04982340,0.10164892,0.10133748,0.10042369,0.06433441,0.05377286,0.02997344,0.03473059,0.01745770,0.02822801,0.00561617,0.00237173,0.00113966
0.00000000,0.23959343,0.16611011,0.05106269,0.10057825,0.09860319,0.06607683,0.07635813,0.04215662,0.05208680,0.02938821,0.03059153,0.00651405,0.01272087,0.02300217,0.00515711
0.00000000,0.05843255,0.12167751,0.09203702,0.06224538,0.08613571,0.11377017,0.09512507,0.08879782,0.07936535,0.07143397,0.04645475,0.03965691,0.01831535,0.02067518,0.00587726
0.00000000,0.10903310,0.11472921,0.08012856,0.06187774,0.09736392,0.11001094,0.08780429,0.08048755,0.06628829,0.07614538,0.04313115,0.03176627,0.01869530,0.01723879,0.00529951
0.00000000,0.06900545,0.13895802,0.09140119,0.06580803,0.09855304,0.11202021,0.09321594,0.07753650,0.08010135,0.05773326,0.04853161,0.02651609,0.01294522,0.02205354,0.00562054
0.00000000,0.12036065,0.12698217,0.08531807,0.06167960,0.10689118,0.11441501,0.08767849,0.06504525,0.06904218,0.06379300,0.03939288,0.02407076,0.01740464,0.01229612,0.00563000
0.00000000,0.09998968,0.15100939,0.08160746,0.06631702,0.11109124,0.10200158,0.08267015,0.07282388,0.06950511,0.05395674,0.04243216,0.02446607,0.01908381,0.01890842,0.00413729
0.00000000,0.15212025,0.14536590,0.07491497,0.06670347,0.09246942,0.12401942,0.07927615,0.06272972,0.05304734,0.06534231,0.03314773,0.02399679,0.01123896,0.01236697,0.00326060
0.00000000,0.05452724,0.12627306,0.10008539,0.06348600,0.08065982,0.11345122,0.08543875,0.09234202,0.07232425,0.07743370,0.06104145,0.02685562,0.02122283,0.01897453,0.00588414
0.00000000,0.02882738,0.13388207,0.11225305,0.04686475,0.05512215,0.09605107,0.08804996,0.07353640,0.11608213,0.10634361,0.04413993,0.04239121,0.02501338,0.01693689,0.01450603
0.00000000,0.04425031,0.14526664,0.11075330,0.04762285,0.08556964,0.09207872,0.08674203,0.07703551,0.09666933,0.08572571,0.05407864,0.03604355,0.01076853,0.01851471,0.00888051
0.00000000,0.08206502,0.15639959,0.10007387,0.04847464,0.09020255,0.08274724,0.08059130,0.07870674,0.09075661,0.07457202,0.04515027,0.02855108,0.01152973,0.01224210,0.01793724
0.00000000,0.13345996,0.14060180,0.09257249,0.07634037,0.08206137,0.06927014,0.07783657,0.06932667,0.08501232,0.06030798,0.05806933,0.02156495,0.01240682,0.01701980,0.00414942
0.00000000,0.23470269,0.16722628,0.05400817,0.10403146,0.10183057,0.04930218,0.06704074,0.05813953,0.04524968,0.05847380,0.02700409,0.00965612,0.00919040,0.00576137,0.00838291
0.00000000,0.03019890,0.10131673,0.10566362,0.04792872,0.04584085,0.14372114,0.09017911,0.08266961,0.10416103,0.08076314,0.06267734,0.03404264,0.03104431,0.02708762,0.01270524
0.00000000,0.04324736,0.11169203,0.10098146,0.05418794,0.07235815,0.12601399,0.09076179,0.08539621,0.09799486,0.06700973,0.05454496,0.02895974,0.02913825,0.02591134,0.01180223
0.00000000,0.07847485,0.12482794,0.09130571,0.05546650,0.07840963,0.12346522,0.08592347,0.08348294,0.08313625,0.06819095,0.04274205,0.03042951,0.02661939,0.01397046,0.01355512
0.00000000,0.12420035,0.10998663,0.08741129,0.07705441,0.07251534,0.10713429,0.08355103,0.07621447,0.07892969,0.06839453,0.03823580,0.02581851,0.02411464,0.01594501,0.01049402
0.00000000,0.09291112,0.10503410,0.09504286,0.04742267,0.06747328,0.12764552,0.09278853,0.07836013,0.08757155,0.07375612,0.05936858,0.02131739,0.01415257,0.02090194,0.01625366
0.00000000,0.14197811,0.13141801,0.07983860,0.04935892,0.09081142,0.12447344,0.07797625,0.07455855,0.06885213,0.06591195,0.03604965,0.02471187,0.01266121,0.01205066,0.00934924
0.00000000,0.18708433,0.11500512,0.07993172,0.07231137,0.08182315,0.11319222,0.07551383,0.06591670,0.07184705,0.05103790,0.02796518,0.02735746,0.01398429,0.01006487,0.00696483
0.00000000,0.05681764,0.13710514,0.08211535,0.05096649,0.08985961,0.11931806,0.10856748,0.09269070,0.06270314,0.06572663,0.05393844,0.02826280,0.02050479,0.01716864,0.01425509
0.00000000,0.06904047,0.15250447,0.07438829,0.05356469,0.11441557,0.11264681,0.11542282,0.08265404,0.05638225,0.04294175,0.05575574,0.02585643,0.02185509,0.01689841,0.00567318
0.00000000,0.10512574,0.15761646,0.06937612,0.05700495,0.11049540,0.11732857,0.10000000,0.08027690,0.04885942,0.04959805,0.04040814,0.02611997,0.01268723,0.01191769,0.01318538
0.00000000,0.14963462,0.14206597,0.06828965,0.07496161,0.11357444,0.10363866,0.09660596,0.06574730,0.04866200,0.05015993,0.03006160,0.02346179,0.01327177,0.01254342,0.00732129
0.00000000,0.10510789,0.12150553,0.08635361,0.04966014,0.08779965,0.13176087,0.09797315,0.06226532,0.06990481,0.05983705,0.06167530,0.02034698,0.01486974,0.02116550,0.00977446
0.00000000,0.12033660,0.14422171,0.06535699,0.05334251,0.10524315,0.13177570,0.09175597,0.08194711,0.05510975,0.04349598,0.03740312,0.03174522,0.01615174,0.01378514,0.00832931
0.00000000,0.15511972,0.15167375,0.06158296,0.05502605,0.10611385,0.13227994,0.08781400,0.07091578,0.05242790,0.03144102,0.04290022,0.02410466,0.01257709,0.00584925,0.01017380
0.00000000,0.20193234,0.13536011,0.06091308,0.07640201,0.10247871,0.11650312,0.08261679,0.06223355,0.05272617,0.03832448,0.02448870,0.02772300,0.00756612,0.00731231,0.00341950
0.00000000,0.14453943,0.12618285,0.07774451,0.05024690,0.08511424,0.13677344,0.07482168,0.07195305,0.06293394,0.05864283,0.04313119,0.01871558,0.01928795,0.01522377,0.01468865
0.00000000,0.15874781,0.14064642,0.06969732,0.05697485,0.10666412,0.12837759,0.07885887,0.06835345,0.05535469,0.04367253,0.02866138,0.02699006,0.01869487,0.00851007,0.00979596
0.00000000,0.19319681,0.15333086,0.05977166,0.05637961,0.10580126,0.13351379,0.06738417,0.06370575,0.05494779,0.03932050,0.03091708,0.01472388,0.01020001,0.01309433,0.00371250
0.00000000,0.23942745,0.13770658,0.05765080,0.07696662,0.09820549,0.12908692,0.05899421,0.05503899,0.05466733,0.02748540,0.02583171,0.01513896,0.01150084,0.00887539,0.00342331
0.00000000,0.12648785,0.10407340,0.09011125,0.07816757,0.06999144,0.10806600,0.07898927,0.08043833,0.07182919,0.05557923,0.05279021,0.03097244,0.02142226,0.02019141,0.01089013
0.00000000,0.13961456,0.12358330,0.07576789,0.08040716,0.09807075,0.10387156,0.07921813,0.07224548,0.06704949,0.04661264,0.04175000,0.03349210,0.02061211,0.01483536,0.00286947
0.00000000,0.17458276,0.13195895,0.07167522,0.08281982,0.09747926,0.10253034,0.07252564,0.05911783,0.06582859,0.04532252,0.03781278,0.02704881,0.01609623,0.00987926,0.00532198
0.00000000,0.21980714,0.11880727,0.06448169,0.10429855,0.09691416,0.08624135,0.06923124,0.06998748,0.04906617,0.04010430,0.02759053,0.02458270,0.01446766,0.01070360,0.00371615
0.00000000,0.05959820,0.13117458,0.08475615,0.05883730,0.08472861,0.12682608,0.09856255,0.08011500,0.06774432,0.07332197,0.06395015,0.02658679,0.02061664,0.01181979,0.01136188
0.00000000,0.06608384,0.14903523,0.08414119,0.05663787,0.10713362,0.11467936,0.09993620,0.07935440,0.06438363,0.04919904,0.06200059,0.03014157,0.01476040,0.01366027,0.00885279
0.00000000,0.09772440,0.15725475,0.08267722,0.05354302,0.10480221,0.12331628,0.08577719,0.07078830,0.05646124,0.05750713,0.04413681,0.02831806,0.01404244,0.01190950,0.01174147
0.00000000,0.10828485,0.12216077,0.08125126,0.05718302,0.08491776,0.11464650,0.09537002,0.08721958,0.06316160,0.06446814,0.05940960,0.02720460,0.01741587,0.00671051,0.01059591
0.00000000,0.11777464,0.13792170,0.08176348,0.05308134,0.09939216,0.12123185,0.09582874,0.06996992,0.06364484,0.06225373,0.04614636,0.01843045,0.01447299,0.00551646,0.01257135
0.00000000,0.15068320,0.14648708,0.07820523,0.05401165,0.09840822,0.12578741,0.07668435,0.07043300,0.05723838,0.06375006,0.02890350,0.02203558,0.01086536,0.00757013,0.00893686
0.00000000,0.07559182,0.14701792,0.07215614,0.05909157,0.11107651,0.12044245,0.09657263,0.08658045,0.05135178,0.06349948,0.05495699,0.02721554,0.02019887,0.00775709,0.00649077
0.00000000,0.08397259,0.16621580,0.06717530,0.05724347,0.13516320,0.10674983,0.10303060,0.07584308,0.05488900,0.04929105,0.04356115,0.02988578,0.01541517,0.00514997,0.00641402
0.00000000,0.11488749,0.17550558,0.06441902,0.05837068,0.12284493,0.13195888,0.08383449,0.06217506,0.04731311,0.05703120,0.03003114,0.02703804,0.01280440,0.00540623,0.00637976
0.00000000,0.12464286,0.13985790,0.06458131,0.06160715,0.10203372,0.13352404,0.09925577,0.06733172,0.05787223,0.04120109,0.06070526,0.02226835,0.01423054,0.00598275,0.00490530
0.00000000,0.13585588,0.15784387,0.06091727,0.05787955,0.11820106,0.13483407,0.09715867,0.06345275,0.05106632,0.04546541,0.03453376,0.02545176,0.00848969,0.00571522,0.00313471
0.00000000,0.16778283,0.16475661,0.06047958,0.05393081,0.12233095,0.13395673,0.08221803,0.05747059,0.04702703,0.04107455,0.03087226,0.02013229,0.00853063,0.00347085,0.00596627
0.00000000,0.08089092,0.11949343,0.09083871,0.06258478,0.07993176,0.11060070,0.08313808,0.08527219,0.07273468,0.08238103,0.03750976,0.05111947,0.02001206,0.01978940,0.00370302
0.00000000,0.14575494,0.11744772,0.08530951,0.05728809,0.09527827,0.11940065,0.07191121,0.06525970,0.06547064,0.06564416,0.04871086,0.02649038,0.01374193,0.01078532,0.01150661
0.00000000,0.10885372,0.15778514,0.06487301,0.05867082,0.11582126,0.11709687,0.09119524,0.06855847,0.06028429,0.05612996,0.03858870,0.03478947,0.01510727,0.00793287,0.00431292
0.00000000,0.16234138,0.14251005,0.06309563,0.05849677,0.11340559,0.12535854,0.07868792,0.06762596,0.05033738,0.04973767,0.04380232,0.01960173,0.01204547,0.00806001,0.00489358
0.00000000,0.02767671,0.10451942,0.12684234,0.05057762,0.04373810,0.12327808,0.09209639,0.09893962,0.10748346,0.06215589,0.05873243,0.04150766,0.02272677,0.01611326,0.02361227
0.00000000,0.09419347,0.12777549,0.09610959,0.05044530,0.06983252,0.12061879,0.09082823,0.08581372,0.07223044,0.06955455,0.04026062,0.03377474,0.02230401,0.01585890,0.01039964
0.00000000,0.03726150,0.15738859,0.11066354,0.05381365,0.04968468,0.09218803,0.09789358,0.10503863,0.07641006,0.08158739,0.03854777,0.02587458,0.04097515,0.02212061,0.01055225
0.00000000,0.09644376,0.11898724,0.10447184,0.04549978,0.06452314,0.11729906,0.09187314,0.08319634,0.08122434,0.06872885,0.04858495,0.03059735,0.01183201,0.03116499,0.00557321
0.00000000,0.16465692,0.12964163,0.08339288,0.04628559,0.08276307,0.11992560,0.09063018,0.06634378,0.05690030,0.06632537,0.03703363,0.02035652,0.01899009,0.00974181,0.00701263
0.00000000,0.11331337,0.16795439,0.09388136,0.04131805,0.06754366,0.10425791,0.08538236,0.07895706,0.06884873,0.07068625,0.02369953,0.01940399,0.04711082,0.01469211,0.00295043
0.00000000,0.05522752,0.14744993,0.09272971,0.05673447,0.09102506,0.11718036,0.09872767,0.10557609,0.05451880,0.04994200,0.03779314,0.03762155,0.02890436,0.01577822,0.01079111
0.00000000,0.12127234,0.16765599,0.06839350,0.04807269,0.10573904,0.11922162,0.11331181,0.06900872,0.04725240,0.05025392,0.02739394,0.03076831,0.01721862,0.00884794,0.00558915
0.00000000,0.07113818,0.20724280,0.07206884,0.05207602,0.09620879,0.09608634,0.11713635,0.07509756,0.05441083,0.05855389,0.02629517,0.03064232,0.03028720,0.00872288,0.00403285
0.00000000,0.11057872,0.14353365,0.08522159,0.05212485,0.08659860,0.12321437,0.09350977,0.10122699,0.05062096,0.05174794,0.03297733,0.03202573,0.01744212,0.01399400,0.00518338
0.00000000,0.17943736,0.15320741,0.06380639,0.04635196,0.10089613,0.14037480,0.09150759,0.06217538,0.04660460,0.04072701,0.03259795,0.02097281,0.01344935,0.00334748,0.00454380
0.00000000,0.13180082,0.19274229,0.07215580,0.04392550,0.09212120,0.10993530,0.10473327,0.05934521,0.05867267,0.04920450,0.02169131,0.02872457,0.01800451,0.00706163,0.00988141
0.00000000,0.15305263,0.14717636,0.07527978,0.05447091,0.08171376,0.13017913,0.08469067,0.07052632,0.05249123,0.05690489,0.03402031,0.01811265,0.01264266,0.01562696,0.01311173
0.00000000,0.22178093,0.15628796,0.05884172,0.04757838,0.09818609,0.12925228,0.09030544,0.04688271,0.05074390,0.02522471,0.03518504,0.01147314,0.01174552,0.00615803,0.01035417
0.00000000,0.17678838,0.19974979,0.06489776,0.04752787,0.08872807,0.11485532,0.07820878,0.05568585,0.05385553,0.04223403,0.01880599,0.02295337,0.01140025,0.01700383,0.00730517
0.00000000,0.13290278,0.11829559,0.10353233,0.07468210,0.06941296,0.10456164,0.07318460,0.08448464,0.06482383,0.05841762,0.04020973,0.03073419,0.02208358,0.01438052,0.00829388
0.00000000,0.19689520,0.13991955,0.07513199,0.07020748,0.08212685,0.11355570,0.07981248,0.05757087,0.05328226,0.04256444,0.03531078,0.02447834,0.01498795,0.00895802,0.00519809
0.00000000,0.15106718,0.16913451,0.08336463,0.07245311,0.07836635,0.07809866,0.08475504,0.06339548,0.07109467,0.05528076,0.01628537,0.01724028,0.02634586,0.00910159,0.02401653
0.00000000,0.02568044,0.15349805,0.11644496,0.04757135,0.05778303,0.08872873,0.08912526,0.06972799,0.11635503,0.07107292,0.07575361,0.02021077,0.02043561,0.02367735,0.02393489
0.00000000,0.10122238,0.15870946,0.09894642,0.04173933,0.06475896,0.09315851,0.07958673,0.06903090,0.08817459,0.07349082,0.04755124,0.01566375,0.01646374,0.01324379,0.03825939
