0.03285737,0.21237172,0.10844041,0.13990563,0.12466582,0.27505575,0.04882406,0.05787924
0.08307920,0.21766980,0.08887216,0.28583277,0.18770974,0.03357109,0.10124919,0.00201605
0.21859998,0.24112279,0.14551024,0.17110902,0.13412013,0.05979485,0.02863615,0.00110684
0.37646322,0.16059653,0.17942033,0.19154782,0.03592240,0.04746205,0.00000000,0.00858764
0.03081896,0.18953273,0.08843210,0.24211666,0.09919787,0.25148896,0.02219644,0.07621628
0.06107755,0.22076868,0.12939140,0.19971895,0.14747852,0.14595014,0.07874455,0.01687021
0.13686338,0.22130483,0.12392085,0.20802914,0.12146561,0.14287473,0.02928907,0.01625239
0.23239314,0.17554061,0.22312866,0.11878209,0.12569610,0.06514790,0.05225284,0.00705865
0.46811481,0.13413342,0.27844817,0.03180114,0.03131875,0.01890819,0.03727552,0.00000000
0.02666024,0.25455532,0.07490872,0.19994317,0.16258783,0.16520564,0.05062517,0.06551392
0.18176184,0.22974159,0.07149620,0.25447174,0.12436518,0.09748309,0.03064369,0.01003667
0.34555392,0.21449627,0.08948015,0.26581930,0.02109813,0.05623877,0.00076486,0.00654859
0.02090940,0.32824569,0.08520092,0.08503636,0.12507585,0.21070874,0.05471619,0.09010686
0.03237173,0.19536139,0.07627966,0.24227527,0.16519134,0.18178437,0.06065176,0.04608448
0.05169810,0.20361005,0.12399031,0.22134105,0.16009081,0.13702379,0.07215539,0.03009050
0.10375674,0.20978167,0.12642334,0.21174981,0.14591142,0.12990698,0.04874563,0.02372440
0.17154742,0.17516534,0.16884779,0.16427145,0.14671377,0.09932961,0.04741427,0.02671036
0.30890901,0.16364530,0.24530578,0.12206247,0.08390053,0.04343265,0.02571497,0.00702930
0.05223831,0.20703171,0.13682676,0.20753630,0.15614918,0.14866690,0.07138743,0.02016341
0.10535917,0.20758675,0.12862818,0.20843299,0.14415944,0.14205144,0.04581847,0.01796356
0.02749676,0.22561094,0.09717242,0.21000653,0.18743054,0.14352738,0.06339150,0.04536393
0.13442727,0.21467900,0.10992011,0.21824818,0.13822059,0.12505316,0.04239324,0.01705845
0.04171832,0.28092823,0.10012776,0.15164951,0.20600476,0.07701065,0.07925595,0.06330483
0.06967804,0.24557632,0.14758095,0.23037153,0.15056658,0.07876748,0.05072105,0.02673806
0.15790659,0.22214713,0.14750888,0.23519048,0.11850504,0.07547006,0.02872079,0.01455102
0.22439506,0.22201094,0.13955466,0.21686927,0.10769355,0.05535193,0.02389871,0.01022589
0.18699498,0.20658994,0.17594889,0.15971405,0.11330674,0.08258569,0.05655051,0.01830920
0.06698338,0.26395825,0.13879840,0.21530040,0.15916074,0.07863719,0.05266203,0.02449962
0.12241601,0.27120991,0.13218368,0.20659216,0.11756391,0.08377806,0.04804791,0.01820836
0.02710038,0.29858235,0.08035155,0.16215779,0.15234535,0.21045223,0.04545914,0.02355120
0.03272744,0.20062343,0.11984017,0.19788682,0.13995344,0.21868844,0.03286734,0.05741292
0.05044616,0.22423727,0.12316932,0.23580069,0.12875556,0.17336619,0.03061103,0.03361378
0.11837537,0.22951847,0.10784596,0.24162870,0.12141280,0.13353997,0.02479633,0.02288240
0.03151270,0.19296108,0.09458884,0.22953393,0.17951031,0.16933925,0.05011342,0.05244047
0.04798399,0.20394185,0.12336877,0.22543065,0.17710657,0.13034452,0.07119300,0.02063066
0.08664344,0.20694121,0.13798435,0.20169057,0.16280913,0.12795398,0.04554480,0.03043253
0.14065236,0.17791790,0.14868553,0.18477852,0.16830837,0.09393649,0.06067007,0.02505077
0.24520618,0.16634863,0.21057898,0.14070790,0.11421003,0.06773403,0.03639967,0.01881458
0.34994436,0.15733948,0.26988267,0.11838432,0.05684165,0.02350116,0.02307557,0.00103079
0.04863120,0.19540712,0.14414475,0.21312105,0.16892921,0.15004807,0.06937196,0.01034664
0.02911298,0.21313265,0.09401533,0.22902614,0.19021886,0.14601631,0.06308816,0.03538956
0.11008827,0.20945248,0.11090989,0.22499441,0.15502779,0.12264054,0.04847549,0.01841114
0.06205044,0.23076691,0.15363618,0.21774360,0.14477429,0.11395391,0.04904007,0.02803460
0.12641434,0.21445927,0.13521754,0.22484077,0.14239084,0.08997157,0.04562012,0.02108554
0.17526344,0.21056551,0.13721209,0.20987607,0.12216349,0.08767853,0.03059939,0.02664147
0.14997226,0.19566423,0.16394828,0.16562113,0.15988990,0.08347203,0.05371058,0.02772159
0.08458944,0.22995930,0.18398659,0.23309321,0.12291454,0.08625215,0.04526323,0.01394154
0.14861007,0.21205908,0.17701871,0.22936728,0.12178472,0.07014129,0.02823561,0.01278324
0.24618690,0.20901826,0.16638883,0.21901182,0.08251343,0.04679270,0.01518797,0.01490011
0.26605489,0.18854823,0.21273076,0.13699000,0.08709051,0.07610937,0.02353531,0.00894093
0.03204381,0.19627760,0.07837306,0.24440763,0.18369550,0.15087213,0.07841983,0.03591043
0.04659117,0.20050152,0.12079697,0.22112377,0.16372620,0.14095514,0.07125754,0.03504769
0.08660821,0.20222044,0.12452430,0.21241010,0.15979590,0.12792992,0.05082791,0.03568322
0.13929835,0.18057467,0.14147671,0.19196257,0.16543860,0.10621218,0.04129569,0.03374123
0.06199898,0.20404840,0.14950352,0.21714870,0.16298257,0.10951148,0.06587635,0.02892999
0.10133485,0.21155954,0.15455257,0.20108040,0.15781336,0.09630862,0.05620058,0.02115008
0.15360184,0.18740477,0.17740496,0.18304008,0.15086612,0.06685762,0.06329573,0.01752889
0.14333425,0.21400102,0.15811440,0.19272151,0.13953252,0.09348498,0.04264124,0.01617008
0.19620063,0.18844230,0.17895556,0.17046928,0.14499873,0.07267065,0.02999007,0.01827277
0.24698534,0.16424201,0.21408575,0.14100098,0.11610819,0.07428288,0.02526890,0.01802595
0.04761090,0.19744842,0.12481536,0.21816351,0.16526208,0.13646152,0.07393140,0.03630681
0.08736127,0.20189997,0.12036771,0.21890481,0.14493199,0.13130634,0.06177040,0.03345751
0.02974496,0.21526785,0.09269920,0.22910791,0.17261866,0.15208610,0.06864652,0.03982880
0.10667646,0.20493993,0.10399670,0.22332451,0.15386314,0.12586795,0.04120712,0.04012418
0.04007697,0.25323438,0.08912864,0.18167949,0.19206982,0.12135331,0.06168682,0.06077057
0.04638788,0.22363495,0.13056261,0.20271054,0.17828298,0.11764605,0.06502126,0.03575374
0.09194149,0.22604887,0.12722632,0.20882466,0.15770821,0.10097395,0.06324453,0.02403197
0.16790328,0.21539791,0.14482310,0.19857850,0.13349042,0.07900375,0.04441128,0.01639176
0.11052338,0.26331705,0.12430798,0.17403117,0.16325657,0.08038148,0.04758781,0.03659456
0.14796958,0.20004375,0.16455267,0.16945125,0.15268371,0.09173033,0.04813215,0.02543656
0.22726010,0.18789342,0.17750475,0.17389372,0.11480524,0.07552403,0.03459328,0.00852546
0.16948337,0.23582668,0.16080899,0.14742751,0.13826300,0.07643721,0.02876510,0.04298813
0.06313532,0.22932019,0.14878846,0.20319538,0.16771655,0.10911154,0.05286230,0.02587025
0.12806996,0.20906474,0.13860044,0.21471944,0.15009489,0.09741235,0.04727313,0.01476505
0.07369902,0.24658137,0.16495304,0.21812735,0.14656497,0.07394938,0.04914275,0.02698211
0.14191238,0.22393822,0.15614849,0.22259227,0.12514829,0.07682319,0.03565928,0.01777787
0.11436272,0.25487130,0.16760472,0.19197094,0.13843522,0.06644666,0.05700426,0.00930417
0.18038464,0.23350778,0.15889365,0.19797091,0.12021071,0.06082544,0.03844720,0.00975967
0.05820207,0.24710724,0.14243460,0.20068004,0.16085803,0.12078881,0.04659201,0.02333721
0.09108501,0.22633917,0.13085006,0.19768048,0.15378044,0.11231952,0.05115762,0.03678770
0.17523415,0.20572614,0.15674900,0.19452005,0.12416572,0.09194874,0.03433809,0.01731812
0.10182345,0.24991889,0.13191149,0.19615410,0.13753109,0.11567130,0.04968095,0.01730873
0.02809054,0.26913101,0.08791470,0.17655802,0.17957935,0.16811094,0.06482732,0.02578812
0.04687289,0.27461986,0.12724366,0.16434975,0.17005912,0.13395290,0.05467859,0.02822324
0.09934497,0.27748145,0.13054685,0.15355245,0.15239879,0.13119850,0.03056954,0.02490744
0.16225875,0.25033836,0.17204591,0.11363604,0.13707320,0.11377090,0.03166377,0.01921308
0.02776536,0.24038727,0.09289215,0.20996717,0.18343404,0.13035825,0.08125030,0.03394548
0.11362927,0.23604183,0.10720742,0.20559841,0.14802896,0.11007998,0.05095831,0.02845582
0.03873489,0.28647353,0.10058358,0.16902355,0.19596707,0.10854002,0.04810859,0.05256878
0.19947905,0.22391257,0.12352186,0.21883523,0.10796425,0.07815140,0.04062816,0.00750748
0.13770802,0.27629272,0.12235288,0.16338390,0.15265893,0.08128511,0.05388209,0.01243635
0.06601146,0.37329071,0.09259213,0.13771120,0.24254780,0.03956817,0.02761092,0.02066761
0.04991317,0.28744334,0.12465231,0.21284933,0.15424804,0.09773170,0.05073554,0.02242658
0.02438930,0.30711153,0.09205422,0.16384638,0.19454212,0.14131159,0.05490895,0.02183591
0.12355455,0.28054791,0.10684571,0.15359665,0.15352270,0.11684566,0.01899620,0.04609062
0.02854742,0.38970086,0.09829518,0.10238324,0.26302127,0.07189838,0.01855300,0.02760065
0.01916612,0.38835561,0.09816151,0.07565269,0.25128553,0.14901288,0.01229500,0.00607066
0.02895110,0.21697042,0.09332831,0.22176132,0.18243993,0.13662640,0.07011514,0.04980738
0.14718530,0.20100634,0.14961129,0.18455924,0.14199958,0.10520754,0.03938490,0.03104583
0.26695231,0.18828198,0.20458647,0.15453986,0.08671781,0.06736024,0.01607358,0.01548777
0.05712266,0.24530953,0.13618188,0.21487245,0.16484513,0.10523736,0.04474485,0.03168614
0.09816062,0.25202539,0.13419203,0.20347654,0.12530840,0.11860679,0.03661904,0.03161119
0.03074066,0.27208578,0.08042580,0.19382672,0.15852526,0.17467910,0.02455964,0.06515704
0.03152022,0.19925030,0.10719983,0.22995618,0.16224373,0.16326376,0.04768541,0.05888057
0.04931600,0.20587985,0.13978248,0.23217351,0.14584927,0.13863115,0.05126179,0.03710596
0.09353306,0.20723303,0.14129525,0.22194177,0.12445143,0.12895411,0.05084430,0.03174704
0.15086470,0.18390805,0.16524619,0.19238879,0.11378511,0.10773284,0.05745022,0.02862410
0.04565066,0.21759214,0.11930055,0.22921015,0.16626373,0.12810720,0.05495692,0.03891864
0.09480595,0.21673081,0.11345603,0.22875163,0.15741934,0.11087893,0.04566725,0.03229006
0.04652084,0.21586575,0.12372320,0.22402618,0.15471153,0.15684219,0.03506215,0.04324815
0.03336444,0.19476264,0.08544093,0.24855924,0.17157242,0.16242775,0.03657868,0.06729389
0.04756490,0.21062033,0.11829919,0.23779906,0.15053097,0.15944064,0.04304643,0.03269848
0.09416174,0.21367829,0.12051278,0.24108490,0.13173825,0.13796144,0.03757652,0.02328608
0.02962597,0.18572851,0.11679025,0.21256985,0.19534868,0.15552924,0.04851665,0.05589086
0.04342365,0.19388907,0.13734141,0.21639464,0.19028052,0.12002231,0.06014664,0.03850175
0.07439138,0.19768758,0.13966844,0.20618837,0.17301063,0.11989336,0.04640962,0.04275061
0.11948270,0.17773460,0.14613832,0.19665333,0.17508951,0.09660893,0.04424865,0.04404397
0.20707072,0.16777949,0.18821295,0.15875946,0.13572819,0.07225145,0.04963848,0.02055925
0.29230687,0.15776389,0.23309052,0.14047851,0.08149592,0.05485077,0.03354098,0.00647254
0.37522274,0.14777546,0.27682647,0.12383866,0.04814042,0.01456029,0.01363597,0.00000000
0.03203280,0.19165329,0.09472212,0.23028146,0.19424376,0.15390239,0.06719324,0.03597095
0.04405272,0.19599155,0.13150105,0.21564143,0.18115845,0.13134793,0.06803131,0.03227556
0.07648747,0.19902105,0.13116763,0.20821377,0.17289355,0.12656175,0.05514360,0.03051119
0.11883152,0.18091559,0.14427867,0.19708705,0.16401526,0.11314632,0.05061859,0.03110700
0.04425509,0.19743470,0.12712390,0.21961019,0.17640027,0.13282279,0.07462892,0.02772415
0.05646976,0.20056182,0.16049990,0.20456483,0.17072127,0.10517613,0.07678483,0.02522146
0.08790734,0.20486594,0.15574555,0.20957480,0.15467087,0.10627860,0.05688795,0.02406896
0.13211453,0.18763695,0.16890834,0.18785702,0.15277596,0.10182406,0.04966973,0.01921341
0.07507325,0.20078510,0.13152721,0.21196238,0.16586444,0.12121558,0.06094073,0.03263131
0.08758366,0.20318342,0.16161350,0.20059463,0.15608016,0.10740140,0.05578761,0.02775563
0.11955621,0.20946390,0.16569447,0.18999883,0.14451469,0.10554961,0.03863802,0.02658428
0.16248500,0.18955214,0.17721243,0.17436991,0.13760975,0.09350957,0.04230308,0.02295812
0.11974931,0.17868830,0.14376103,0.19828204,0.15785753,0.11377557,0.05909046,0.02879575
0.13132456,0.18500346,0.17420540,0.18132043,0.15521504,0.09174860,0.06059373,0.02058878
0.16212022,0.18797630,0.17781304,0.17673425,0.13533360,0.09445973,0.04272863,0.02283423
0.20654396,0.16783294,0.19449843,0.15621017,0.13823021,0.07489494,0.04386303,0.01792633
0.20347895,0.17129174,0.18714462,0.16408273,0.12396907,0.09128783,0.02995308,0.02879196
0.21683916,0.17556217,0.21854765,0.15916315,0.11475498,0.06037530,0.04549742,0.00926017
0.25015361,0.17623566,0.21413052,0.15360326,0.10257425,0.06644666,0.02510594,0.01175010
0.29328367,0.15749816,0.23992455,0.12760490,0.09819583,0.05162489,0.02282027,0.00904773
0.04455839,0.19604357,0.12758371,0.21567623,0.18069242,0.13247915,0.07241693,0.03054960
0.07667211,0.19801525,0.13381669,0.20464480,0.16207065,0.13032929,0.06650766,0.02794354
0.04538104,0.19160316,0.13489517,0.20732973,0.18112302,0.14905863,0.06125087,0.02935839
0.03098604,0.20903304,0.10063376,0.23151711,0.17742120,0.15146926,0.06804690,0.03089269
0.09143916,0.20148085,0.10812081,0.21995055,0.17541960,0.11441815,0.05033104,0.03883985
0.03837549,0.23952978,0.09422026,0.19142352,0.19746157,0.11437352,0.06133161,0.06328425
0.04427831,0.21686508,0.12677647,0.22030077,0.17470932,0.12451843,0.06541699,0.02713462
0.07802722,0.21944209,0.13222082,0.20696765,0.17148571,0.10618765,0.04995973,0.03570912
0.13846474,0.21051179,0.14978481,0.19499354,0.14614208,0.09710319,0.04053690,0.02246295
0.09079821,0.25019660,0.13232167,0.17189366,0.16995675,0.09384557,0.04804416,0.04294338
0.12590142,0.19747208,0.15087831,0.18258901,0.16452113,0.09803861,0.05883485,0.02176460
0.18536179,0.18721197,0.16443500,0.18959952,0.12752997,0.08480911,0.04450302,0.01654961
0.13952221,0.22761014,0.15103642,0.15918612,0.14822781,0.09097284,0.03961123,0.04383323
0.21651754,0.18570338,0.20207779,0.14556860,0.12651648,0.06286788,0.04283988,0.01790844
0.27865924,0.18030610,0.20298639,0.16475810,0.08374630,0.05218829,0.03384418,0.00351139
0.23959343,0.21717281,0.19918145,0.14243496,0.09424342,0.05997974,0.01923492,0.02815928
0.05843255,0.21371453,0.14838109,0.20889524,0.16816318,0.11788872,0.05797226,0.02655244
0.10903310,0.19485777,0.15924166,0.19781524,0.14677585,0.11927653,0.05046157,0.02253829
0.06900545,0.23035922,0.16436107,0.20523616,0.15763785,0.10626486,0.03946131,0.02767408
0.12036065,0.21230024,0.16857078,0.20209350,0.13408743,0.10318588,0.04147540,0.01792613
0.09998968,0.23261684,0.17740826,0.18467173,0.14232899,0.09638890,0.04354988,0.02304571
0.15212025,0.22028087,0.15917288,0.20329557,0.11577706,0.09849004,0.03523575,0.01562757
0.05452724,0.22635845,0.14414582,0.19888997,0.16466627,0.13847515,0.04807845,0.02485866
0.02882738,0.24613512,0.10198690,0.18410103,0.18961852,0.15048353,0.06740459,0.03144291
0.04425031,0.25601995,0.13319249,0.17882075,0.17370485,0.13980435,0.04681207,0.02739523
0.08206502,0.25647346,0.13867719,0.16333853,0.16946335,0.11972229,0.04008081,0.03017933
0.13345996,0.23317429,0.15840174,0.14710671,0.15433899,0.11837731,0.03397176,0.02116923
0.23470269,0.22123445,0.20586203,0.11634292,0.10338922,0.08547789,0.01884652,0.01414428
0.03019890,0.20698035,0.09376957,0.23390025,0.18683064,0.14344048,0.06508695,0.03979286
0.04324736,0.21267349,0.12654608,0.21677577,0.18339106,0.12155468,0.05809798,0.03771357
0.07847485,0.21613365,0.13387613,0.20938870,0.16661918,0.11093300,0.05704890,0.02752558
0.12420035,0.19739792,0.14956975,0.19068532,0.15514416,0.10663033,0.04993315,0.02643903
0.09291112,0.20007696,0.11489595,0.22043404,0.16593168,0.13312470,0.03546995,0.03715559
0.14197811,0.21125660,0.14017034,0.20244970,0.14341068,0.10196160,0.03737307,0.02139990
0.18708433,0.19493684,0.15413452,0.18870604,0.13776374,0.07900307,0.04134175,0.01702970
0.05681764,0.21922049,0.14082610,0.22788555,0.15539384,0.11966508,0.04876758,0.03142372
0.06904047,0.22689276,0.16798026,0.22806963,0.13903629,0.09869749,0.04771152,0.02257159
0.10512574,0.22699258,0.16750034,0.21732857,0.12913632,0.09000618,0.03880720,0.02510306
0.14963462,0.21035562,0.18853605,0.20024462,0.11440930,0.08022153,0.03673356,0.01986471
0.10510789,0.20785913,0.13745980,0.22973402,0.13217013,0.12151235,0.03521672,0.03093997
0.12033660,0.20957871,0.15858566,0.22353167,0.13705686,0.08089910,0.04789695,0.02211445
0.15511972,0.21325671,0.16113990,0.22009394,0.12334368,0.07434123,0.03668175,0.01602306
0.20193234,0.19627319,0.17888072,0.19911992,0.11495972,0.06281318,0.03528911,0.01073181
0.14453943,0.20392736,0.13536114,0.21159513,0.13488698,0.10177402,0.03800354,0.02991242
0.15874781,0.21034375,0.16363897,0.20723646,0.12370814,0.07233391,0.04568493,0.01830604
0.19319681,0.21310251,0.16218087,0.20089796,0.11865354,0.07023758,0.02492389,0.01680684
0.23942745,0.19535739,0.17517210,0.18808114,0.10970632,0.05331710,0.02663980,0.01229870
0.12648785,0.19418465,0.14815901,0.18705527,0.15226753,0.10836945,0.05239470,0.03108155
0.13961456,0.19935119,0.17847791,0.18308969,0.13929497,0.08836265,0.05410421,0.01770483
0.17458276,0.20363417,0.18029909,0.17505598,0.12494642,0.08313530,0.04314504,0.01520124
0.21980714,0.18328896,0.20121271,0.15547259,0.11905365,0.06769482,0.03905036,0.01441975
0.05959820,0.21593073,0.14356591,0.22538863,0.14785932,0.13727212,0.04720343,0.02318167
0.06608384,0.23317642,0.16377149,0.21461556,0.14373804,0.11119963,0.04490197,0.02251306
0.09772440,0.23993197,0.15834522,0.20909347,0.12724953,0.10164394,0.04236050,0.02365097
0.10828485,0.20341203,0.14210078,0.21001652,0.15038119,0.12387773,0.04462047,0.01730642
0.11777464,0.21968519,0.15247350,0.21706059,0.13361475,0.10840009,0.03290344,0.01808781
0.15068320,0.22469231,0.15241987,0.20247177,0.12767138,0.09265355,0.03290093,0.01650699
0.07559182,0.21917405,0.17016808,0.21701508,0.13793223,0.11845647,0.04741442,0.01424785
0.08397259,0.23339110,0.19240666,0.20978042,0.13073207,0.09285221,0.04530096,0.01156399
0.11488749,0.23992460,0.18121561,0.21579336,0.10948817,0.08706234,0.03984244,0.01178599
0.12464286,0.20443921,0.16364087,0.23277981,0.12520396,0.10190636,0.03649889,0.01088805
0.13585588,0.21876115,0.17608061,0.23199274,0.11451907,0.07999917,0.03394146,0.00884993
0.16778283,0.22523619,0.17626176,0.21617476,0.10449762,0.07194681,0.02866291,0.00943712
0.08089092,0.21033214,0.14251655,0.19373878,0.15800688,0.11989079,0.07113153,0.02349242
0.14575494,0.20275723,0.15256636,0.19131186,0.13073034,0.11435502,0.04023231,0.02229193
0.10885372,0.22265815,0.17449209,0.20829211,0.12884275,0.09471866,0.04989675,0.01224578
0.16234138,0.20560568,0.17190236,0.20404645,0.11796334,0.09354000,0.03164720,0.01295359
0.02767671,0.23136175,0.09431571,0.21537447,0.20642307,0.12088832,0.06423443,0.03972553
0.09419347,0.22388508,0.12027782,0.21144702,0.15804416,0.10981517,0.05607875,0.02625854
0.03726150,0.26805213,0.10349833,0.19008161,0.18144869,0.12013516,0.06684973,0.03267286
0.09644376,0.22345907,0.11002293,0.20917220,0.16442067,0.11731380,0.04242936,0.03673820
0.16465692,0.21303451,0.12904865,0.21055578,0.12324408,0.10335899,0.03934662,0.01675445
0.11331337,0.26183575,0.10886170,0.18964026,0.14780579,0.09438577,0.06651481,0.01764254
0.05522752,0.24017964,0.14775953,0.21590803,0.16009489,0.08773513,0.06652592,0.02656934
0.12127234,0.23604949,0.15381174,0.23253343,0.11626112,0.07764786,0.04798694,0.01443709
0.07113818,0.27931164,0.14828481,0.21322269,0.12950838,0.08484905,0.06092951,0.01275573
0.11057872,0.22875524,0.13872345,0.21672414,0.15184795,0.08472527,0.04946785,0.01917738
0.17943736,0.21701380,0.14724808,0.23188239,0.10877997,0.07332496,0.03442216,0.00789128
0.13180082,0.26489809,0.13604670,0.21466857,0.11801788,0.07089581,0.04672909,0.01694304
0.15305263,0.22245614,0.13618467,0.21486981,0.12301754,0.09092521,0.03075531,0.02873869
0.22178093,0.21512968,0.14576447,0.21955771,0.09762660,0.06040975,0.02321866,0.01651219
0.17678838,0.26464755,0.13625594,0.19306411,0.10954138,0.06104002,0.03435362,0.02430901
0.13290278,0.22182792,0.14409507,0.17774623,0.14930847,0.09862735,0.05281776,0.02267441
0.19689520,0.21505154,0.15233433,0.19336818,0.11085314,0.07787522,0.03946629,0.01415611
0.15106718,0.25249914,0.15081946,0.16285370,0.13449014,0.07156613,0.04358614,0.03311811
0.02568044,0.26994301,0.10535438,0.17785400,0.18608302,0.14682653,0.04064639,0.04761223
0.10122238,0.25765588,0.10649830,0.17274524,0.15720548,0.12104206,0.03212749,0.05150318
0.05908917,0.28159011,0.14289292,0.18660733,0.14734318,0.10617823,0.03764251,0.03865655
0.11773019,0.26683304,0.13746217,0.18148029,0.14811441,0.09197365,0.02499275,0.03141351
0.16579861,0.26494814,0.12224004,0.18128159,0.13434956,0.07816997,0.02259525,0.03061684
0.14151282,0.25923210,0.15835163,0.13892128,0.14705846,0.10011413,0.04075595,0.01405364
0.02948257,0.20669598,0.09856588,0.22851896,0.18865834,0.14557317,0.06131088,0.04119421
0.12258401,0.19565054,0.14002484,0.20389493,0.14315743,0.11630518,0.05191300,0.02647007
0.12693769,0.19350956,0.15520593,0.18316386,0.14985235,0.11004835,0.04881301,0.03246926
0.22008546,0.18547612,0.18823364,0.16546866,0.11241879,0.07312918,0.04241663,0.01277152
0.21834212,0.18874204,0.19351161,0.15706362,0.10261932,0.09474081,0.03044237,0.01453811
0.31391904,0.17811945,0.23369422,0.13782380,0.06664452,0.04495714,0.02000911,0.00483274
0.05127188,0.22730896,0.13829995,0.21161880,0.16442513,0.11530185,0.05604119,0.03573225
0.08493216,0.23390050,0.13383736,0.20274426,0.14955542,0.11303012,0.04758085,0.03441932
0.03145583,0.19775316,0.11104413,0.24202216,0.16444094,0.16954087,0.04006987,0.04367304
0.04597083,0.20467694,0.12993707,0.23725032,0.14627517,0.15277683,0.05200636,0.03110648
0.08004480,0.20722179,0.13594299,0.22234971,0.14430603,0.13854854,0.04108784,0.03049830
0.12758342,0.18363930,0.15291673,0.20271399,0.13762505,0.11818021,0.05040853,0.02693277
0.22269618,0.17734303,0.19300268,0.16506679,0.09419785,0.09230166,0.02753705,0.02785477
0.04336686,0.20975525,0.11372645,0.23765746,0.17136002,0.13259149,0.05297415,0.03856831
0.08132259,0.21398928,0.11456744,0.22914507,0.16074518,0.11585903,0.05925679,0.02511463
0.03230669,0.19497661,0.08809812,0.24233053,0.18716972,0.14740687,0.05824310,0.04946836
0.04654658,0.19976170,0.11949410,0.23494811,0.18348153,0.12671832,0.05526016,0.03378950
0.08176500,0.20162299,0.12314455,0.22358073,0.15891462,0.13059679,0.03819104,0.04218428
0.12566305,0.18238897,0.13744764,0.20531314,0.15913893,0.11229285,0.04194815,0.03580727
0.04469173,0.20285230,0.11508130,0.23539295,0.16272358,0.14677846,0.05790312,0.03457656
0.05873690,0.21037202,0.14273777,0.23089621,0.15935780,0.12168618,0.05503481,0.02117830
0.09392011,0.21141489,0.14498151,0.22743489,0.13687090,0.12436732,0.04059401,0.02041638
0.13848716,0.19157583,0.16197319,0.20603791,0.13496239,0.10975978,0.04064172,0.01656201
0.07988322,0.20761923,0.11282367,0.23574903,0.15708709,0.12841600,0.04969993,0.02872183
0.09527625,0.21359160,0.13769248,0.23434282,0.15395657,0.10377995,0.03982829,0.02153203
0.13013961,0.21335052,0.15059797,0.21854484,0.13188689,0.09995080,0.03609561,0.01943375
0.17517053,0.19470622,0.16239186,0.20488240,0.12304940,0.08697700,0.04293445,0.00988814
0.04441084,0.20303018,0.11625162,0.23780046,0.16693390,0.13357756,0.05923024,0.03876520
0.07971340,0.20632199,0.12361837,0.22192447,0.15510683,0.12904195,0.05211627,0.03215671
0.04515063,0.20141844,0.12332891,0.23310819,0.15284798,0.16047605,0.05298348,0.03068632
0.09887546,0.20455321,0.11023096,0.23932417,0.14746015,0.13065620,0.03209261,0.03680725
0.11229134,0.21850073,0.14188745,0.20474296,0.15668922,0.10921135,0.04481399,0.01186296
0.15231513,0.21959877,0.14520128,0.19096681,0.14292440,0.10106156,0.02941544,0.01851661
0.11421827,0.21295460,0.12954233,0.22721031,0.13267029,0.11763626,0.03759793,0.02817000
0.15305737,0.21047659,0.12987820,0.21996773,0.12794509,0.09370140,0.03227787,0.03269575
0.03170712,0.20053487,0.10014925,0.23821535,0.16551184,0.15607061,0.05400340,0.05380756
0.04559586,0.20733984,0.12530756,0.23138508,0.16834055,0.13174374,0.04963980,0.04064758
0.08037992,0.20643758,0.13315329,0.21796205,0.14907272,0.12775532,0.04362087,0.04161824
0.12685683,0.18682895,0.14957927,0.19909475,0.14476948,0.11147564,0.04545163,0.03594344
0.05835130,0.21127877,0.15117499,0.22336170,0.16436133,0.09988488,0.05994322,0.03164382
0.09537413,0.20957044,0.15708079,0.21115371,0.15225607,0.09515622,0.05120601,0.02820263
0.14047441,0.19248964,0.17392102,0.19347856,0.13505743,0.08842180,0.05326922,0.02288792
0.12995996,0.21114457,0.16269893,0.20196053,0.14148590,0.08126959,0.04703167,0.02444886
0.17764208,0.18974310,0.17775391,0.19196609,0.11964798,0.07764852,0.04566264,0.01993568
0.21980852,0.17691222,0.19271435,0.17133878,0.11330201,0.06957188,0.03808916,0.01826308
0.04271977,0.21107615,0.11626125,0.22903683,0.16953296,0.13791782,0.04405233,0.04940289
0.08122775,0.21193404,0.11343852,0.22338479,0.17245370,0.11573274,0.03991475,0.04191371
0.04477439,0.20836056,0.12386992,0.22024344,0.17874357,0.13330202,0.04827697,0.04242913
0.03204050,0.19516941,0.09974844,0.22839447,0.18086868,0.15159852,0.08225704,0.02992294
0.04410460,0.19837059,0.12247889,0.21952491,0.17216531,0.13303538,0.07838382,0.03193650
0.07720067,0.20094106,0.12684857,0.21139728,0.16785096,0.12963477,0.06243764,0.02368907
0.11909764,0.18246174,0.13688750,0.20331904,0.15465835,0.12624971,0.05180735,0.02551866
0.05627089,0.20193044,0.15427540,0.20289661,0.17166973,0.11574003,0.06454555,0.03267136
0.08761281,0.20142258,0.15510145,0.20337602,0.16855034,0.10329737,0.05246685,0.02817259
0.13067621,0.18461446,0.16899934,0.18429191,0.15638202,0.09709327,0.05326153,0.02468125
0.12234238,0.20601208,0.15303428,0.19617494,0.14857583,0.11083292,0.03960245,0.02342510
0.16378693,0.18657552,0.17131370,0.17881838,0.14296129,0.09457220,0.03757073,0.02440125
0.20698986,0.16505008,0.19497278,0.15772174,0.13605249,0.07974021,0.04077786,0.01869498
0.04450805,0.19724775,0.12468035,0.21689533,0.16860072,0.14307316,0.06979101,0.03520364
0.05736693,0.19950374,0.14924588,0.21149252,0.16195546,0.12969832,0.06910057,0.02163659
0.08825027,0.20475806,0.15274525,0.20674031,0.14955391,0.11968640,0.05358779,0.02467800
0.13334352,0.18350332,0.17352357,0.18577622,0.14243831,0.10898783,0.05727456,0.01515267
0.07719470,0.19863390,0.13208948,0.20364337,0.16149910,0.13456407,0.05813396,0.03424143
0.08992932,0.20090470,0.15798230,0.19923463,0.15539290,0.10808696,0.06360264,0.02486655
0.12126626,0.20752241,0.15786876,0.19678020,0.13811685,0.11761971,0.03896559,0.02186022
0.16359626,0.18669325,0.18335293,0.17177908,0.14138347,0.09415952,0.04354454,0.01549095
0.12330796,0.20268064,0.16931063,0.18183548,0.14590659,0.11080530,0.04712198,0.01903143
0.04433452,0.19454943,0.12890473,0.20794656,0.17197734,0.13991088,0.07451919,0.03785734
0.07766230,0.20231784,0.12389820,0.20389934,0.16375717,0.12659344,0.07407608,0.02779563
0.03039151,0.20918924,0.09589235,0.23191212,0.17938444,0.14801278,0.06883128,0.03638629
0.09052627,0.20225986,0.11341257,0.21178537,0.15036034,0.14307911,0.04972970,0.03884678
0.03891315,0.23724169,0.09485419,0.19244494,0.18729228,0.12215497,0.05132489,0.07577389
0.04346299,0.21442223,0.12463454,0.21743203,0.17577354,0.11414846,0.07318560,0.03694061
0.07897212,0.21555074,0.12732533,0.21040239,0.16388199,0.11633191,0.05443856,0.03309697
0.14052622,0.20762481,0.13806001,0.20651093,0.14788397,0.09466972,0.04095474,0.02376962
0.08996522,0.24785310,0.12319735,0.17607996,0.17036214,0.08667928,0.05064253,0.05522041
0.12425465,0.19750304,0.14843863,0.18885733,0.15609282,0.10657897,0.05387788,0.02439669
0.18542226,0.18882691,0.15701167,0.18921125,0.13874698,0.08043944,0.03710758,0.02323390
0.13766393,0.22798873,0.14848441,0.15724918,0.14806893,0.08693956,0.05087612,0.04272914
0.04392948,0.21584846,0.12816563,0.20966656,0.17746887,0.12504015,0.06999361,0.02988724
0.10640032,0.20753696,0.13640022,0.21184516,0.15379399,0.10498937,0.05952377,0.01951021
0.05471746,0.24504192,0.12483412,0.19167335,0.16305869,0.10917973,0.06327379,0.04822093
0.07985016,0.21810056,0.13360579,0.19889204,0.16107408,0.11852887,0.05971203,0.03023647
0.14076802,0.20923198,0.14431144,0.19470364,0.14320988,0.10104359,0.04910988,0.01762158
0.09326740,0.24715187,0.13155761,0.17822949,0.15801531,0.09296558,0.05264632,0.04616643
0.05591048,0.21729088,0.14016459,0.22180095,0.16761853,0.10522354,0.05672147,0.03526956
0.10689209,0.20048246,0.14803413,0.21522607,0.13934513,0.12097967,0.04119671,0.02784374
0.05144416,0.23082256,0.13718444,0.20121849,0.16905730,0.11914054,0.05017762,0.04095488
0.06635454,0.23354506,0.16177369,0.20688180,0.15068815,0.11477831,0.04366937,0.02230909
0.12062854,0.21560910,0.15400797,0.20571229,0.14700745,0.09002872,0.04926443,0.01774151
0.10016760,0.23232372,0.17007774,0.19873835,0.13382868,0.09753831,0.04909610,0.01822950
0.15224805,0.21817951,0.15662362,0.19780468,0.13186294,0.07613772,0.05292116,0.01422233
0.08038309,0.21175645,0.12616394,0.20694566,0.15598265,0.13205477,0.05128327,0.03543016
0.14454652,0.19850906,0.15872913,0.19698755,0.13625974,0.09453718,0.04639237,0.02403845
0.08878154,0.23160327,0.14265301,0.18606765,0.15223873,0.11280093,0.05749022,0.02836464
0.02865718,0.24773492,0.08712850,0.19442107,0.17299862,0.17666481,0.04778451,0.04461039
0.04283491,0.25667845,0.12866454,0.17826826,0.18313085,0.12206694,0.06552699,0.02282905
0.08381688,0.26001749,0.12549527,0.17594205,0.16631811,0.12862086,0.03911936,0.02066999
0.13152156,0.23440382,0.14953708,0.15570934,0.15493874,0.11193865,0.03050594,0.03144487
0.04435833,0.25780336,0.13149457,0.17300357,0.16593344,0.14421776,0.05669402,0.02649495
0.08369950,0.25398431,0.13812285,0.15377264,0.15342171,0.14093398,0.03535016,0.04071484
0.02647897,0.22844470,0.10182810,0.21808873,0.17210209,0.14788954,0.05856415,0.04660374
0.09345649,0.22080738,0.12113630,0.21110311,0.15389841,0.11592777,0.05297254,0.03069801
0.03748912,0.26162036,0.10244993,0.17572627,0.19324389,0.10098947,0.05989076,0.06859020
0.16006557,0.21481027,0.12819424,0.21879419,0.12565399,0.09749334,0.03612847,0.01885991
0.10891593,0.25786589,0.11371397,0.18211885,0.16142009,0.07885960,0.05878097,0.03832470
0.04822146,0.30941603,0.09585838,0.15234003,0.19908523,0.06108961,0.04618201,0.08780725
0.05500503,0.24126821,0.15254377,0.20873779,0.15881881,0.10652934,0.04813362,0.02896344
0.11207474,0.22476019,0.14273639,0.20142695,0.15945245,0.07780475,0.05550673,0.02623779
0.06926764,0.24609015,0.15880345,0.22298353,0.13975495,0.09969228,0.04074523,0.02266276
0.12610818,0.23132563,0.15994145,0.21360968,0.14087397,0.06735204,0.04805619,0.01273287
0.18339718,0.21087142,0.15704616,0.21416670,0.12314130,0.06450329,0.03944285,0.00743110
0.06614690,0.25777874,0.15136233,0.20901313,0.16003801,0.08304184,0.04568292,0.02693613
0.12230423,0.24654077,0.14020798,0.20811941,0.15705571,0.06849561,0.03584121,0.02143507
0.08439562,0.24310366,0.12791439,0.18317453,0.18559286,0.08628483,0.05706737,0.03246673
0.15420564,0.22283295,0.14076885,0.19203907,0.13929228,0.08359973,0.04760094,0.01966054
0.16583866,0.24357670,0.14482544,0.19646999,0.12179209,0.07419531,0.03575651,0.01754530
0.02658616,0.27410649,0.10442290,0.17340723,0.18308206,0.14377521,0.05558173,0.03903822
0.10148643,0.26441123,0.11592552,0.17796243,0.16293306,0.11159544,0.04275589,0.02293000
0.03694293,0.31775582,0.09933359,0.13432475,0.19034138,0.11249483,0.05390661,0.05490008
0.02464025,0.33093807,0.11571087,0.10384995,0.19668356,0.15637028,0.03964870,0.03215832
0.03063888,0.21248149,0.09643189,0.23033580,0.16900637,0.16199414,0.06010332,0.03900809
0.12349433,0.19798666,0.13945260,0.19684581,0.14151975,0.11719072,0.05048001,0.03303013
0.04330395,0.21702607,0.12002011,0.21604103,0.17588852,0.12505898,0.06235728,0.04030405
0.13693544,0.20355713,0.16646174,0.18707980,0.14338458,0.08722605,0.04644201,0.02891324
0.07881778,0.22264704,0.12397039,0.21146328,0.16700081,0.12127193,0.04307183,0.03175693
0.17312868,0.20649785,0.17250553,0.17815151,0.12365013,0.08779522,0.03033561,0.02793547
0.12503531,0.19945223,0.14955731,0.18621628,0.15742584,0.11702208,0.03730320,0.02798774
0.21931519,0.18562232,0.19217600,0.16165725,0.11958569,0.06986133,0.03059750,0.02118473
0.05332965,0.22906314,0.13213187,0.22195114,0.15828178,0.12255590,0.04873691,0.03394961
0.08554214,0.23366242,0.13235981,0.20486898,0.14253473,0.12200283,0.04576308,0.03326600
0.09834524,0.24159217,0.15600436,0.20180520,0.14252416,0.09020801,0.04137430,0.02814656
0.10289444,0.24099591,0.16041154,0.20510808,0.14790706,0.08675672,0.03649569,0.01943056
0.13457170,0.24606240,0.15722392,0.19356222,0.13284624,0.08403556,0.02953330,0.02216467
0.14849408,0.21967090,0.18226489,0.18260007,0.13796511,0.07256939,0.03355656,0.02287900
0.17988699,0.22461354,0.18010723,0.17216471,0.12286123,0.07201949,0.02463281,0.02371399
0.05939922,0.22522334,0.14757021,0.20468203,0.15729774,0.13451777,0.04927827,0.02203143
0.06988024,0.23964166,0.15811646,0.21289169,0.14157935,0.11752633,0.04009533,0.02026893
0.10097242,0.24583594,0.15712996,0.19637077,0.13987984,0.10816490,0.03147878,0.02016740
0.07734386,0.25157532,0.17675616,0.19716929,0.14688761,0.08819377,0.03929267,0.02278133
0.10899847,0.25819336,0.17779706,0.19110217,0.13274570,0.08003887,0.02868198,0.02244239
0.14182100,0.26069025,0.17475688,0.18359671,0.11497309,0.07909175,0.02911578,0.01595456
0.07892753,0.22198732,0.12595511,0.20264862,0.14958026,0.13262292,0.05451088,0.03376735
0.17639087,0.20293848,0.16766373,0.17654487,0.13537674,0.08577237,0.03862529,0.01668766
0.10272487,0.24109615,0.15828790,0.19184092,0.15114551,0.08508444,0.04532710,0.02449312
0.13733005,0.24365264,0.15635493,0.18189575,0.13796995,0.08227143,0.04499229,0.01553297
0.05375142,0.23403622,0.13602788,0.20238211,0.15291585,0.13856160,0.05833772,0.02398721
0.08671376,0.23923718,0.12995843,0.19918303,0.14475774,0.12419546,0.05020234,0.02575205
0.02819436,0.23460968,0.09732299,0.20811843,0.19670607,0.12719072,0.06354330,0.04431446
0.13217709,0.22404309,0.13970892,0.18453167,0.15630870,0.08456849,0.04630680,0.03235525
0.09555100,0.22584882,0.10423307,0.22411983,0.15799511,0.10638874,0.06325296,0.02261048
0.03840057,0.26913474,0.09910735,0.19129291,0.17975661,0.12821030,0.04306349,0.05103403
0.11021566,0.23579957,0.13370271,0.21985673,0.15288411,0.08116932,0.04199313,0.02437878
0.05444791,0.28172700,0.13952637,0.17822495,0.18663858,0.08339162,0.05905175,0.01699183
0.19865370,0.21586057,0.14427154,0.20446963,0.12021084,0.06851610,0.03813905,0.00987857
0.14893685,0.25122488,0.14745106,0.15956040,0.15012787,0.05976594,0.04345419,0.03947882
0.05215387,0.25695542,0.13459660,0.20857021,0.17021590,0.09546516,0.05560942,0.02643343
0.08795146,0.26240611,0.12920509,0.20731872,0.14229595,0.09078050,0.05344024,0.02660193
0.15680513,0.25170839,0.14030071,0.21303607,0.11878701,0.06901205,0.03762934,0.01272131
0.10256380,0.29118022,0.14352871,0.16210128,0.14746411,0.06852871,0.03394338,0.05068979
0.04907032,0.25906308,0.13219504,0.20515962,0.16056052,0.11446851,0.05122676,0.02825615
0.02564208,0.27790928,0.09967438,0.17149608,0.18288662,0.14741418,0.04992158,0.04505580
0.14181980,0.26363366,0.14500078,0.14309880,0.15452723,0.08573798,0.05486059,0.01132116
0.05334054,0.29860308,0.14490500,0.16403775,0.16891032,0.09634141,0.04561593,0.02824596
0.09535717,0.30330981,0.14166132,0.15257395,0.15317837,0.09246341,0.03423237,0.02722361
0.03107209,0.25427737,0.08880385,0.19397296,0.16862040,0.16618752,0.04906179,0.04800402
0.04488480,0.26101286,0.12048720,0.18273313,0.16485162,0.13087598,0.04860289,0.04655153
0.08466552,0.26207448,0.12590325,0.17734111,0.14393251,0.13183259,0.03608867,0.03816187
0.13665101,0.24077361,0.14921974,0.15243368,0.13689271,0.12157457,0.04259321,0.01986147
0.02741282,0.28059665,0.09326612,0.17752495,0.18368892,0.13809690,0.04706100,0.05235264
0.10469502,0.27093921,0.10427460,0.18042280,0.16357334,0.10868893,0.05041237,0.01699372
0.04104644,0.34478351,0.09827077,0.13145067,0.23906763,0.10073374,0.02990218,0.01474506
0.02438018,0.34985413,0.09369342,0.11016106,0.21446395,0.16753750,0.02157538,0.01833438
0.03226868,0.19535898,0.10768098,0.23536156,0.16596338,0.15425398,0.07339403,0.03571840
0.04536965,0.20101653,0.13283618,0.22919225,0.15532029,0.12698126,0.07947173,0.02981211
0.08151442,0.20125658,0.13593557,0.21866713,0.14759700,0.12665742,0.05802837,0.03034352
0.12596188,0.18239661,0.15876771,0.20502284,0.12958167,0.12324619,0.04749912,0.02752400
0.04621056,0.19987237,0.13778648,0.22003136,0.15646215,0.13267460,0.07064302,0.03631945
0.08099064,0.20496338,0.13748305,0.21461215,0.13787632,0.13540819,0.05772986,0.03093640
0.04403858,0.20670251,0.11937067,0.22748016,0.17142151,0.12464555,0.07088385,0.03545717
0.05683523,0.21578115,0.14040519,0.22315848,0.16495987,0.10429416,0.07346243,0.02110349
0.09315958,0.21545244,0.14678896,0.21871108,0.14660811,0.10559701,0.05364985,0.02003296
0.13777935,0.19549501,0.16792486,0.19829830,0.14131067,0.09147074,0.04581872,0.02190235
0.08200373,0.20678570,0.11394459,0.23195235,0.15721636,0.11732493,0.05685398,0.03391836
0.09481494,0.21352087,0.14047918,0.21785168,0.15734281,0.09387523,0.06196950,0.02014579
0.13102167,0.21862573,0.14383298,0.20806643,0.13981882,0.09772791,0.04096490,0.01994156
0.17588432,0.19724524,0.16282437,0.19944796,0.13218348,0.08576663,0.02875771,0.01789029
0.04413852,0.20540458,0.12558496,0.22556624,0.16466264,0.13966817,0.05899430,0.03598060
0.03059659,0.21490821,0.11422972,0.22534987,0.16723300,0.14781017,0.06253166,0.03734078
0.09816908,0.20713105,0.12083598,0.23189748,0.14364678,0.12117176,0.04849601,0.02865187
0.04156779,0.25263400,0.11127451,0.21662631,0.15206872,0.14660935,0.04806666,0.03115267
0.04155003,0.22705719,0.12924419,0.22111145,0.16136228,0.13628675,0.05541727,0.02797084
0.10812291,0.21709107,0.15163888,0.21908293,0.13579585,0.10810086,0.04231424,0.01785327
0.05431439,0.26673564,0.11840169,0.21074097,0.16578642,0.10584168,0.04438108,0.03379812
0.08525092,0.22616605,0.12504059,0.21950923,0.15505904,0.11585978,0.03931365,0.03380074
0.15175749,0.22199477,0.12294739,0.22947018,0.13480734,0.08332843,0.03758655,0.01810785
0.10008898,0.26684942,0.11590594,0.20101589,0.14963071,0.09644597,0.04039231,0.02967077
0.05642563,0.22817105,0.15171986,0.22197381,0.14174957,0.11934413,0.04498825,0.03562771
0.11333110,0.21173146,0.14480952,0.21628087,0.14042914,0.09985191,0.04812162,0.02544438
0.05478333,0.24228263,0.14676221,0.20822762,0.15688839,0.11343799,0.04601380,0.03160404
0.02964704,0.25595063,0.10771950,0.20184804,0.15222271,0.17634359,0.04314820,0.03312029
0.04262127,0.27286319,0.12233129,0.19565860,0.15052368,0.15346860,0.04115086,0.02138251
0.09041477,0.27299427,0.11210779,0.19069705,0.15692969,0.12414134,0.03094457,0.02177052
0.03402179,0.19133887,0.08113199,0.25342459,0.19920742,0.13083696,0.06071420,0.04932418
0.04643039,0.19068552,0.11954702,0.25101696,0.16541272,0.13265344,0.05810985,0.03614409
0.08048668,0.19584596,0.12586092,0.23392749,0.16074704,0.12198994,0.05097129,0.03017068
0.12840823,0.21243156,0.15647360,0.20910803,0.13323260,0.10491652,0.04196254,0.01346691
0.03194893,0.20586435,0.10531340,0.22565753,0.19194864,0.13322135,0.05947791,0.04656790
0.05521961,0.22696930,0.14302000,0.22636277,0.14298711,0.12114115,0.05299080,0.03130926
0.06191887,0.21632420,0.15553692,0.22037082,0.13917830,0.12070298,0.06320427,0.02276364
0.08257707,0.21839168,0.13955404,0.20476430,0.15626481,0.11722685,0.05650681,0.02471444
0.08926868,0.23887736,0.12959485,0.22022132,0.13656219,0.10923155,0.05040588,0.02583816
0.13653222,0.22520567,0.17778624,0.18651446,0.13616244,0.09713441,0.02823858,0.01242600
0.14273483,0.24840240,0.16698849,0.19954896,0.12011702,0.07354431,0.03421453,0.01444946
0.04694927,0.21525861,0.13731495,0.21300875,0.16519556,0.11894110,0.08058320,0.02274858
0.08716205,0.21721774,0.13645169,0.21047253,0.15688581,0.11722325,0.05506074,0.01952618
0.02719188,0.22733676,0.11833711,0.20720101,0.19575032,0.12404844,0.07319875,0.02693573
0.05095031,0.25230284,0.13401542,0.21906092,0.14962436,0.10230939,0.05862183,0.03311492
0.04298580,0.23146291,0.16765631,0.20208450,0.16747870,0.11172512,0.05425599,0.02235068
0.05284302,0.24458468,0.18579036,0.20134692,0.16368900,0.07322036,0.05948877,0.01903689
0.07253704,0.25612566,0.17993457,0.23807298,0.11468951,0.08658115,0.04473084,0.00732824
0.05340731,0.25185042,0.17307514,0.19646879,0.16622950,0.08357408,0.05811747,0.01727729
0.06508458,0.27455693,0.16849003,0.20278646,0.16565115,0.06516523,0.04818437,0.01008125
