0.01834696,0.13162579,0.07062670,0.48018165,0.01209809,0.08207084,0.12541326,0.07963669
0.03724781,0.22076667,0.42892253,0.06706277,0.14213107,0.05633702,0.04753212,0.00000000
0.07862870,0.60375181,0.10836724,0.12455690,0.03798206,0.03832703,0.00838627,0.00000000
0.14591935,0.71768688,0.04270810,0.04767443,0.01316601,0.02665767,0.00000000,0.00618756
0.03201553,0.11960096,0.14266666,0.35522853,0.05575840,0.15031799,0.10985528,0.03455666
0.04851151,0.19871224,0.28466534,0.19930778,0.10753946,0.06465399,0.07793791,0.01867175
0.07695883,0.29742985,0.23735562,0.17907114,0.08014984,0.06127432,0.04453540,0.02322500
0.15443722,0.30544711,0.23816500,0.13627789,0.03101182,0.08371396,0.03683690,0.01411010
0.18671618,0.67002395,0.04254804,0.04770171,0.00000000,0.05301012,0.00000000,0.00000000
0.03707909,0.11774649,0.26716453,0.27111717,0.08480506,0.08937162,0.10479530,0.02792075
0.09163337,0.33867759,0.19788532,0.15911072,0.06815977,0.10243698,0.01076250,0.03133376
0.11820807,0.66064028,0.04115132,0.07985511,0.09210913,0.00796267,0.00000000,0.00007343
0.04888272,0.11295886,0.25044212,0.28167899,0.06377324,0.10544520,0.00000000,0.13681886
0.03705725,0.11719883,0.20528968,0.23545953,0.13878524,0.11831478,0.07768355,0.07021114
0.04863090,0.16833774,0.26011134,0.20341302,0.12767581,0.08091532,0.07538282,0.03553304
0.06940275,0.23696764,0.23480111,0.17923272,0.11079779,0.07490997,0.06720183,0.02668619
0.12283069,0.24188551,0.22152010,0.16114495,0.09229233,0.07409988,0.04858465,0.03764190
0.20231684,0.36609508,0.21740282,0.09767352,0.04560956,0.04437166,0.01978710,0.00674341
0.05210918,0.17282061,0.23697518,0.21960050,0.11624394,0.10738325,0.07311432,0.02175302
0.07131563,0.20751846,0.23805971,0.22453578,0.08279887,0.08655414,0.06944788,0.01976954
0.04394243,0.11500614,0.25903996,0.22632845,0.11117653,0.12224484,0.08585510,0.03640656
0.07822373,0.25947206,0.21455905,0.18079225,0.11712979,0.07145479,0.04907894,0.02928940
0.06516407,0.19882652,0.27051747,0.13338510,0.12696916,0.08563223,0.04739541,0.07211005
0.07093511,0.24369598,0.25652355,0.20720300,0.09322218,0.08565791,0.02712797,0.01563429
0.09388131,0.33333518,0.21697580,0.18542889,0.07852637,0.06373685,0.02208450,0.00603111
0.11564667,0.38692484,0.20834203,0.14132884,0.06082069,0.05087530,0.02764377,0.00841786
0.13112648,0.26594208,0.22818511,0.17827995,0.04466649,0.06958047,0.07683739,0.00538204
0.07184692,0.23194780,0.23768776,0.21667650,0.12156911,0.06296140,0.02871650,0.02859402
0.09039361,0.30269921,0.22908446,0.18568381,0.06036188,0.05996397,0.05479104,0.01702203
0.05030831,0.11745783,0.29296271,0.22931715,0.12497472,0.08936739,0.04026622,0.05534567
0.04573088,0.11300862,0.23189669,0.19176766,0.21837785,0.10508608,0.01226967,0.08186255
0.06002857,0.16994214,0.21013034,0.24722968,0.13309101,0.09461822,0.04782208,0.03713796
0.08337387,0.21126076,0.20835360,0.24815368,0.09367750,0.09727231,0.04499382,0.01291448
0.04046298,0.12283526,0.23091035,0.19964679,0.16974963,0.09400002,0.08000487,0.06239010
0.04927984,0.16483282,0.23426655,0.19737418,0.14095167,0.10334047,0.07387222,0.03608226
0.06515878,0.20623041,0.22505003,0.18022883,0.13788846,0.08173923,0.06758298,0.03612129
0.10421395,0.21598253,0.21337399,0.15934730,0.14245008,0.06463403,0.06267292,0.03732520
0.16554283,0.31472360,0.21303953,0.11034942,0.09611163,0.04868973,0.03655750,0.01498577
0.23456503,0.38678677,0.20757208,0.06933120,0.05756524,0.03181100,0.01236869,0.00000000
0.05387373,0.15333116,0.21810618,0.23030733,0.14178569,0.10139765,0.09095650,0.01024176
0.04528116,0.12643775,0.22695193,0.22274266,0.13212152,0.11334784,0.09715769,0.03595944
0.07115512,0.22040187,0.23137311,0.17821841,0.11714588,0.10120073,0.06145578,0.01904910
0.06676955,0.20462799,0.23100117,0.23488858,0.11894558,0.07860372,0.04813346,0.01702997
0.07869356,0.26832489,0.22123174,0.18882657,0.11993876,0.05246237,0.04131123,0.02921088
0.09766306,0.29604218,0.22245430,0.16524754,0.11381850,0.03593016,0.04994358,0.01890068
0.11385740,0.22722894,0.22139861,0.18240937,0.08858851,0.08288692,0.07687388,0.00675636
0.07757187,0.24845985,0.23443756,0.22102549,0.10623083,0.07751335,0.02793172,0.00682933
0.09220170,0.31424234,0.22437171,0.19446184,0.09449129,0.05204259,0.02232352,0.00586501
0.12638489,0.39329640,0.21370003,0.13069208,0.07065580,0.02899523,0.01235622,0.02391934
0.17550978,0.33222494,0.20162555,0.14156258,0.05367600,0.05668841,0.03839174,0.00032099
0.03979062,0.12000772,0.24683204,0.18769303,0.16184597,0.09396385,0.09795691,0.05190986
0.04859005,0.16232151,0.23232117,0.20072931,0.14599734,0.10251546,0.05726901,0.05025617
0.06531466,0.20178368,0.22867128,0.18631074,0.13590169,0.07911587,0.05834030,0.04456178
0.10478517,0.21790024,0.21239710,0.16413562,0.12297861,0.09517348,0.05020862,0.03242116
0.05803281,0.20448251,0.23715553,0.20389609,0.14408889,0.07007900,0.04956567,0.03269950
0.07341061,0.24851698,0.22392712,0.18459393,0.13229704,0.06874429,0.04726406,0.02124597
0.11111697,0.26258331,0.22416823,0.15897399,0.11620862,0.07265673,0.03378254,0.02050962
0.08956769,0.29594994,0.22513841,0.15908229,0.11659462,0.05641638,0.04442169,0.01282897
0.12407718,0.30526938,0.22172094,0.13433072,0.10927070,0.06044506,0.02373552,0.02115050
0.16319761,0.31517829,0.20699434,0.11543054,0.08835843,0.07263758,0.01103781,0.02716540
0.05048798,0.16094879,0.22013186,0.22211200,0.13898406,0.09354373,0.08262432,0.03116726
0.06609713,0.18238984,0.22986978,0.21106976,0.12127456,0.07168457,0.08428774,0.03332660
0.04492129,0.11807692,0.23619150,0.23515354,0.12463117,0.10882312,0.08815590,0.04404656
0.06948777,0.22240823,0.21411273,0.19654970,0.11786917,0.08491150,0.06749802,0.02716287
0.06060089,0.17311273,0.27117420,0.13885985,0.13285270,0.09035850,0.07733927,0.05570186
0.05505113,0.16231524,0.24879546,0.21151004,0.12706845,0.09926451,0.07177452,0.02422066
0.07217533,0.20981802,0.24201289,0.19859910,0.10871826,0.08194489,0.06517081,0.02156071
0.09687640,0.32191900,0.19745049,0.16962262,0.09453121,0.07782953,0.03162897,0.01014179
0.08906897,0.27159156,0.24343090,0.14765230,0.09853530,0.07022625,0.04041517,0.03907954
0.11296268,0.22868267,0.22864950,0.17422889,0.09210248,0.08532323,0.05455744,0.02349312
0.13644618,0.33591293,0.18576393,0.16426867,0.06994213,0.08293504,0.02097108,0.00376002
0.13663253,0.28068957,0.22732918,0.12923026,0.08921442,0.06607733,0.02118748,0.04963923
0.06828160,0.20084792,0.23925135,0.22076112,0.10765181,0.09421730,0.05468387,0.01430503
0.08246053,0.26314825,0.23190229,0.18934564,0.10070504,0.06918839,0.04383097,0.01941889
0.07507963,0.25067158,0.23509843,0.20817705,0.11052570,0.06553198,0.04516421,0.00975141
0.08860890,0.31554121,0.21650943,0.16870242,0.10772923,0.06653012,0.02878600,0.00759268
0.09157043,0.31104350,0.22547524,0.16246487,0.10482246,0.05125059,0.04318828,0.01018462
0.10671578,0.36481504,0.18965482,0.16187830,0.08478889,0.05230553,0.03100759,0.00883406
0.06781939,0.20021403,0.23801459,0.21592915,0.11868077,0.09392419,0.04250245,0.02291543
0.07401442,0.18470767,0.24296794,0.21706101,0.08961380,0.08663950,0.08322178,0.02177387
0.10099156,0.29354803,0.20714602,0.19677463,0.07033319,0.07695049,0.03518731,0.01906877
0.08382912,0.23367272,0.23242574,0.20510129,0.08356041,0.07729611,0.06926840,0.01484623
0.05053351,0.12425392,0.25186197,0.23597221,0.13256389,0.10296078,0.05733129,0.04452244
0.06142705,0.18135336,0.24080662,0.24285090,0.11177270,0.09277735,0.03571613,0.03329589
0.07846145,0.23390124,0.22853885,0.21599726,0.10081015,0.07869319,0.01582299,0.04777486
0.12813971,0.24571187,0.22341034,0.19683810,0.08750064,0.06319155,0.02744125,0.02776655
0.04913992,0.11541213,0.27002728,0.23728579,0.10299676,0.09300447,0.09665985,0.03547379
0.07826596,0.22583173,0.25438512,0.16617111,0.12561369,0.06325630,0.07542169,0.01105441
0.06943107,0.17530479,0.27923233,0.16555856,0.10126299,0.09668791,0.06452993,0.04799242
0.10519861,0.35269220,0.20372565,0.13644247,0.09738765,0.06478478,0.03674859,0.00302006
0.09996156,0.31046552,0.21954217,0.14871331,0.07951304,0.07084910,0.05282830,0.01812701
0.09798137,0.28062708,0.28343859,0.15445236,0.10416428,0.01893403,0.04084815,0.01955413
0.07731889,0.20419877,0.25260903,0.19830945,0.10750455,0.07076533,0.07510630,0.01418768
0.05580123,0.12156398,0.26164657,0.26462250,0.09938550,0.09796541,0.04943170,0.04958311
0.08747519,0.25011668,0.21984706,0.21537483,0.07937696,0.07764346,0.01412445,0.05604136
0.08140171,0.19709831,0.23474972,0.28819259,0.08237462,0.06303206,0.02179914,0.03135185
0.06189783,0.12888712,0.22231674,0.39281146,0.09499234,0.06612601,0.03296849,0.00000000
0.04631962,0.11939223,0.23656453,0.22014878,0.12310336,0.12991483,0.07249130,0.05206534
0.11682497,0.22908975,0.21196616,0.18276511,0.09202630,0.09360451,0.04916126,0.02456194
0.17896444,0.33983407,0.19191104,0.15326464,0.04972057,0.06165071,0.02346110,0.00119343
0.06599998,0.21000533,0.23596623,0.20497559,0.13834530,0.07374976,0.04264914,0.02830867
0.08222072,0.26113453,0.23143687,0.17406599,0.09479412,0.07827218,0.05631264,0.02176295
0.05046466,0.13723805,0.26387220,0.21120888,0.14234767,0.07989724,0.06674803,0.04822327
0.04613950,0.11753492,0.21348170,0.22027021,0.16677857,0.10947408,0.05924406,0.06707696
0.05644189,0.16267054,0.20990913,0.23111329,0.14674143,0.09936151,0.04321891,0.05054330
0.07458108,0.20164454,0.21764576,0.20524326,0.12916789,0.08848617,0.04835235,0.03487894
0.11887287,0.22334741,0.20206327,0.18199136,0.10493221,0.09179559,0.03850689,0.03849040
0.05795238,0.15725131,0.20785697,0.22607235,0.15442628,0.08952958,0.06726541,0.03964573
0.07417964,0.18597259,0.20913140,0.22641948,0.12653831,0.08476189,0.06304480,0.02995189
0.06008496,0.14982338,0.21853351,0.23589204,0.13261048,0.10529535,0.04134924,0.05641105
0.04403928,0.11793809,0.19145568,0.28732855,0.13175734,0.08463929,0.09351925,0.04932250
0.05746528,0.15884003,0.20631243,0.26404441,0.12816549,0.08019302,0.07641757,0.02856178
0.07725586,0.17523950,0.25194780,0.25365735,0.07910334,0.09184765,0.05376937,0.01717911
0.04320097,0.13420896,0.18015739,0.23098846,0.16978294,0.11430854,0.08330329,0.04404945
0.05082449,0.15581764,0.22488985,0.19420844,0.16348018,0.10805629,0.06393575,0.03878736
0.06309148,0.18870229,0.21173378,0.17935300,0.15912352,0.09775159,0.06174924,0.03849508
0.09495979,0.19866774,0.19002130,0.18880063,0.14820706,0.08267599,0.04919377,0.04747373
0.14904454,0.26948312,0.20328111,0.13396034,0.12299584,0.04864904,0.05828608,0.01429993
0.20239516,0.34281302,0.19168509,0.10583497,0.08180167,0.03720818,0.03647843,0.00178350
0.25885887,0.39480879,0.19954491,0.07064611,0.05680469,0.01933662,0.00000000,0.00000000
0.04184420,0.12472750,0.22502911,0.20600367,0.16085850,0.10549459,0.08845096,0.04759147
0.04973563,0.15386173,0.21264531,0.22841378,0.15264350,0.09162910,0.07610054,0.03497042
0.06264189,0.18784825,0.21759734,0.19475821,0.14561104,0.08859376,0.07092704,0.03202247
0.09363222,0.19925913,0.21624519,0.17026609,0.12981592,0.09593594,0.05594343,0.03890208
0.04919801,0.15482921,0.23176830,0.20461461,0.14111406,0.10177119,0.08230022,0.03440442
0.05670695,0.18717984,0.21782307,0.21733240,0.14221483,0.08852283,0.05819128,0.03202881
0.06997335,0.21799855,0.21745564,0.19784263,0.12873794,0.09060393,0.04977089,0.02761706
0.10175180,0.23123425,0.21920216,0.17273035,0.11310160,0.09221526,0.03614543,0.03361915
0.06227515,0.18736232,0.22260961,0.18813674,0.14701490,0.08364136,0.06329024,0.04566968
0.06994258,0.21803865,0.20816208,0.21187970,0.12816369,0.07640747,0.05715186,0.03025396
0.08288775,0.24983233,0.21572289,0.18088739,0.12290104,0.07603633,0.04522800,0.02650427
0.11322866,0.26660289,0.21347608,0.15303698,0.11024242,0.07356751,0.04686614,0.02297931
0.09365105,0.19971003,0.22611366,0.15983791,0.13146949,0.08368302,0.07330425,0.03223058
0.10023061,0.23186138,0.21562689,0.17641420,0.12090271,0.07385607,0.05625568,0.02485246
0.11373261,0.26631718,0.20855674,0.15706136,0.11696925,0.06986493,0.04179770,0.02570023
0.14577611,0.27666789,0.20569188,0.13780138,0.10397668,0.07201062,0.03722151,0.02085393
0.14354964,0.27677369,0.21042064,0.13250197,0.10066603,0.07264468,0.04561353,0.01782983
0.15012892,0.31167141,0.20464284,0.13602728,0.09852553,0.06109692,0.02908710,0.00882000
0.16036455,0.34922458,0.20862763,0.10920331,0.08967570,0.05290803,0.01693932,0.01305688
0.19442105,0.35511272,0.19529655,0.10065799,0.07958849,0.04823416,0.01352326,0.01316579
0.05039179,0.15036049,0.21584131,0.21795440,0.14541241,0.10481765,0.07514771,0.04007424
0.06335793,0.17123097,0.22945136,0.19202242,0.13942210,0.08659289,0.07867469,0.03924765
0.05180379,0.14599081,0.20868149,0.23735103,0.14740732,0.10319042,0.07745975,0.02811539
0.04602546,0.11924137,0.24048603,0.21830549,0.13650259,0.10588606,0.09403743,0.03951559
0.06515682,0.20786921,0.20256974,0.19901010,0.13518315,0.09528380,0.06057061,0.03435656
0.05789436,0.16201932,0.25818446,0.15271872,0.13666466,0.09584321,0.09750946,0.03916581
0.05374371,0.15935644,0.23377210,0.21152005,0.13287626,0.10522105,0.06787764,0.03563275
0.06807384,0.19230191,0.22966896,0.19442503,0.13242301,0.08918475,0.06584706,0.02807544
0.08811040,0.27408958,0.19022571,0.18421698,0.12051581,0.07437047,0.05184270,0.01662835
0.08169839,0.23713640,0.23048937,0.15978334,0.12442678,0.06767244,0.05409199,0.04470129
0.10138826,0.20469902,0.22366180,0.17406506,0.12498630,0.07802596,0.06639462,0.02677898
0.11924905,0.28459476,0.18293210,0.17756581,0.09996075,0.07717628,0.04265656,0.01586469
0.11743876,0.24575761,0.23317388,0.13773113,0.10745978,0.07263364,0.03989130,0.04591390
0.15638711,0.28933952,0.21339069,0.12824901,0.09949872,0.05848800,0.04225816,0.01238879
0.17786043,0.37131470,0.19841236,0.09781798,0.08375198,0.05294873,0.01659268,0.00130113
0.17660566,0.33617704,0.20282460,0.10912211,0.07973327,0.04645457,0.02046629,0.02861646
0.06421076,0.18268030,0.22396438,0.21639245,0.12402966,0.10824309,0.06076288,0.01971647
0.07680009,0.23047688,0.20711076,0.20462593,0.11681395,0.08818504,0.05382035,0.02216700
0.07279216,0.21715682,0.21885766,0.21750768,0.12600622,0.08475822,0.04155542,0.02136582
0.08327512,0.26849616,0.21104015,0.20358248,0.10616705,0.07059841,0.04300635,0.01383428
0.08517788,0.25269827,0.22367962,0.18734149,0.11058666,0.08168434,0.04359446,0.01523728
0.09453200,0.30859334,0.20116173,0.18321228,0.09089041,0.07407088,0.03539855,0.01214081
0.06555311,0.17779211,0.22563725,0.21272085,0.13487967,0.09157745,0.06735751,0.02448203
0.05104774,0.13113702,0.25790600,0.20959197,0.14051870,0.10102929,0.06228141,0.04648786
0.06004144,0.16583434,0.23363351,0.22216988,0.13169371,0.10827332,0.04350658,0.03484722
0.07503573,0.19929281,0.24310945,0.20324649,0.12057088,0.08289912,0.03894691,0.03689861
0.11093621,0.21648120,0.22248316,0.19117920,0.10823878,0.07761100,0.04193735,0.03113310
0.17077232,0.30929443,0.20750869,0.16371588,0.07220033,0.04952230,0.01161895,0.01536711
0.04566118,0.12425600,0.22003736,0.23065928,0.13325098,0.11792570,0.08541386,0.04279564
0.05410810,0.15792947,0.22366446,0.22289738,0.13344633,0.10341270,0.07320153,0.03134002
0.06791637,0.19497935,0.22071401,0.21280953,0.11758830,0.09787388,0.06213334,0.02598522
0.10119259,0.20489398,0.22166471,0.18853529,0.10643615,0.09414470,0.05519687,0.02793571
0.06525693,0.20063837,0.21072266,0.20706532,0.12730537,0.09677988,0.05829136,0.03394012
0.08679142,0.27386367,0.20202374,0.17847184,0.11528194,0.07865079,0.04908852,0.01582807
0.11960415,0.28233545,0.19751850,0.17596154,0.09518239,0.07032448,0.04665940,0.01241409
0.06276900,0.19465297,0.20952362,0.23956853,0.11852475,0.09586344,0.04935640,0.02974129
0.07065831,0.23128247,0.21776787,0.22420260,0.11633318,0.08481806,0.04330153,0.01163599
0.08386752,0.26460888,0.22169135,0.19286842,0.10834727,0.07858868,0.03051839,0.01950948
0.11702219,0.27890707,0.21401439,0.17976456,0.09201112,0.07917198,0.02408289,0.01502580
0.07343998,0.23988630,0.20803477,0.19373678,0.12773665,0.07737308,0.04604707,0.03374537
0.08172624,0.26908583,0.21694408,0.20071265,0.10665237,0.07434169,0.03650584,0.01403129
0.09462905,0.31370049,0.20673954,0.18234263,0.09122897,0.07068680,0.02602447,0.01464803
0.12719919,0.31857485,0.20724178,0.17026481,0.08732458,0.05626815,0.02489196,0.00823469
0.08682351,0.26980004,0.19948386,0.18946792,0.11379560,0.06653092,0.05172647,0.02237168
0.09515508,0.30278924,0.21147990,0.17894099,0.10795118,0.05138869,0.03761386,0.01468107
0.10932414,0.33808046,0.19524257,0.16844670,0.09529321,0.05865564,0.01947954,0.01547775
0.14223132,0.35207995,0.18695241,0.15320784,0.08243232,0.05694971,0.01424318,0.01190328
0.10139889,0.20537775,0.21501360,0.19563232,0.10766452,0.08587926,0.06589367,0.02313999
0.10867069,0.24363953,0.21479918,0.19060847,0.10091134,0.07286419,0.05911109,0.00939551
0.12232911,0.27920004,0.21027873,0.16820046,0.10102827,0.05664434,0.04725607,0.01506297
0.15709689,0.28735341,0.20631193,0.15149499,0.08107111,0.06394267,0.03922318,0.01350581
0.06296794,0.18887700,0.22463596,0.21274648,0.13396279,0.10461463,0.05354287,0.01865233
0.07114704,0.21986439,0.23377313,0.20408511,0.11732581,0.09365021,0.04094796,0.01920636
0.08222696,0.25664568,0.23521557,0.17298432,0.10993010,0.07861121,0.03887099,0.02551518
0.07439771,0.22500818,0.21866373,0.20777997,0.11769140,0.08359204,0.04919843,0.02366854
0.08027554,0.26106359,0.22652890,0.18755788,0.11723274,0.07060530,0.03844366,0.01829238
0.09459236,0.30817515,0.20340180,0.17442313,0.11031431,0.04958814,0.04365776,0.01584735
0.07235800,0.22158510,0.22215985,0.22423161,0.12174282,0.08328822,0.04435244,0.01028196
0.07996449,0.25683946,0.22510662,0.21227199,0.11675977,0.07142809,0.03084516,0.00678440
0.09122716,0.29848760,0.22683654,0.18946849,0.08462677,0.07643751,0.02444531,0.00847062
0.08450826,0.27022055,0.21024459,0.21796822,0.09551592,0.08075935,0.03018721,0.01059591
0.09019840,0.31195344,0.20436484,0.19753107,0.10580704,0.06741364,0.01897899,0.00375259
0.10451471,0.35170290,0.19929194,0.17203755,0.09209069,0.05276829,0.02024630,0.00734761
0.06982488,0.16805027,0.24013406,0.21966653,0.11422204,0.09150901,0.07563636,0.02095685
0.08932809,0.25124871,0.21350762,0.19047304,0.11067455,0.07012985,0.05315265,0.02148548
0.08704832,0.24369734,0.23368302,0.20710361,0.09998002,0.08182303,0.03727312,0.00939155
0.09833825,0.29371104,0.21473667,0.19529999,0.09077734,0.06134105,0.03329120,0.01250447
0.04872453,0.12237671,0.25297416,0.22178188,0.11799546,0.11203624,0.09180253,0.03230850
0.07159366,0.20538056,0.21792048,0.20378549,0.11810747,0.10130680,0.06083327,0.02107228
0.06403953,0.16532488,0.24868216,0.20217310,0.12372104,0.08532961,0.08891207,0.02181761
0.07079300,0.20060709,0.24023709,0.18225775,0.11422003,0.09793983,0.07149708,0.02244814
0.09307960,0.29767793,0.19980960,0.16492488,0.11513353,0.07380300,0.03858901,0.01698246
0.08833133,0.25105920,0.22711159,0.16995763,0.11460722,0.06381234,0.07519338,0.00992731
0.06815079,0.19444756,0.25031231,0.21374386,0.11043680,0.08904395,0.05604218,0.01782255
0.08901084,0.28586882,0.21527961,0.19866084,0.09960445,0.07942683,0.02238793,0.00976069
0.08473852,0.25254502,0.25779191,0.16567323,0.10937696,0.07298595,0.04201045,0.01487796
0.07822552,0.25342743,0.22888194,0.18777426,0.11394762,0.07095265,0.04679825,0.01999232
0.10183406,0.33700003,0.19871361,0.17705326,0.08519977,0.07238600,0.01880569,0.00900756
0.09857940,0.30106156,0.23633411,0.16007398,0.09467430,0.05366496,0.03356052,0.02205117
0.09615096,0.27997338,0.21395502,0.17842704,0.09940322,0.07189318,0.04159600,0.01860121
0.11668839,0.36927170,0.18974918,0.14814275,0.09155332,0.04941407,0.02726992,0.00791066
0.11322838,0.34029496,0.21423692,0.14460780,0.08776975,0.04341013,0.03466789,0.02178419
0.10997356,0.20840343,0.23205042,0.19531724,0.08871567,0.08582078,0.07060735,0.00911155
0.13116708,0.29715478,0.21385665,0.15265656,0.08780867,0.06530611,0.04768280,0.00436734
0.12776849,0.25937050,0.23055156,0.15044145,0.10588308,0.04779737,0.04690944,0.03127811
0.05449044,0.12925003,0.24231769,0.25626982,0.10819326,0.11004175,0.04941109,0.05002592
0.07809011,0.21383845,0.21504699,0.22195409,0.11060353,0.06300478,0.04856871,0.04889334
0.07513785,0.21632562,0.24431854,0.22702716,0.10667671,0.07544464,0.01843883,0.03663065
0.08900791,0.26269476,0.23281687,0.20512710,0.09638293,0.05582819,0.02671772,0.03142451
0.10493989,0.30154669,0.20559413,0.20341205,0.08299745,0.04827259,0.01665600,0.03658120
0.12114621,0.22291384,0.23596775,0.20556604,0.09393688,0.06318269,0.03851685,0.01876975
0.04616335,0.12844228,0.22038627,0.20967715,0.15798131,0.11109955,0.08687814,0.03937196
0.10222166,0.21009780,0.20707987,0.18291983,0.10818788,0.09675290,0.06814556,0.02459449
0.10303537,0.20555474,0.22726637,0.17252457,0.10679046,0.10291885,0.05787438,0.02403526
0.15707742,0.29940740,0.18673719,0.15660585,0.08499896,0.07094734,0.02894746,0.01527838
0.16094205,0.29051336,0.19374504,0.15660558,0.08248545,0.06922466,0.04470759,0.00177626
0.21235479,0.37610153,0.17730248,0.12934305,0.03657889,0.05194950,0.01467939,0.00169037
0.06229403,0.19154462,0.21650167,0.21262124,0.13633963,0.08422963,0.06841715,0.02805203
0.07577945,0.23372092,0.20919504,0.19103512,0.12051407,0.07657436,0.07201442,0.02116663
0.04699040,0.12263036,0.21051887,0.22365315,0.16066924,0.12459713,0.07229240,0.03864845
0.05463072,0.15804079,0.20905625,0.22750081,0.14973572,0.10624872,0.05112592,0.04366106
0.06886172,0.18860047,0.20673533,0.21320300,0.13499019,0.09613408,0.05848607,0.03298915
0.10362706,0.20287561,0.19590964,0.20004032,0.12600541,0.07671820,0.05953459,0.03528918
0.15722857,0.28030278,0.19350331,0.15451537,0.09205323,0.06314939,0.03165287,0.02759447
0.05674818,0.15538718,0.20319092,0.21950235,0.15744153,0.10073670,0.06937446,0.03761868
0.06924451,0.18262489,0.20581747,0.21046932,0.15086172,0.08636903,0.06478594,0.02982712
0.04657045,0.12076659,0.19158366,0.26119774,0.15564361,0.09069491,0.08394344,0.04959961
0.05451865,0.16100902,0.19981483,0.25416302,0.13278539,0.09478177,0.06919868,0.03372863
0.06861321,0.19032573,0.20578670,0.22277953,0.12792271,0.07628249,0.06950322,0.03878641
0.09963901,0.20575222,0.18711466,0.21580678,0.11732728,0.07728642,0.06600994,0.03106369
0.05640706,0.15179560,0.19062029,0.25871779,0.14297439,0.09582894,0.06641933,0.03723660
0.06421773,0.19426282,0.19614293,0.24796794,0.13265320,0.08379696,0.05987978,0.02107864
0.07813303,0.22447118,0.20473475,0.21709739,0.11787457,0.08231915,0.05057833,0.02479161
0.11017919,0.24319624,0.18941418,0.20285969,0.11089659,0.07784978,0.04366239,0.02194195
0.07165449,0.17401708,0.20704814,0.23828283,0.12586860,0.08914485,0.06035307,0.03363095
0.07936497,0.20913477,0.21695741,0.22716725,0.11610103,0.08355174,0.05855466,0.00916816
0.09277512,0.24351852,0.21831939,0.20516063,0.10277446,0.07485398,0.04888823,0.01370968
0.12492723,0.25960289,0.20531888,0.18798286,0.09081431,0.06618341,0.04991959,0.01525083
0.05588815,0.15142909,0.19229053,0.26271593,0.13405498,0.09052648,0.07953864,0.03355620
0.07072203,0.17146899,0.22682493,0.22425280,0.11674690,0.08889045,0.07189300,0.02920090
0.05808119,0.14392263,0.20861419,0.24200996,0.14630303,0.08594159,0.08591822,0.02920919
0.07153513,0.20058461,0.19321107,0.23960280,0.10079432,0.10115392,0.04450117,0.04861697
0.08227633,0.23643257,0.19559155,0.22344063,0.10754420,0.08815116,0.03271793,0.03384564
0.09741287,0.25310495,0.22142890,0.19557185,0.08974107,0.08693867,0.03897657,0.01682511
0.08135762,0.24029021,0.20280580,0.23355200,0.08252701,0.09146494,0.03339870,0.03460373
0.09799150,0.25233288,0.21278538,0.20845213,0.06942391,0.08568508,0.04603499,0.02729414
0.04716355,0.12597945,0.19845954,0.22700231,0.16158792,0.11860712,0.06144827,0.05975183
0.05510430,0.15775503,0.19853759,0.23292504,0.15122371,0.09947809,0.05575544,0.04922079
0.06937446,0.18872719,0.20976875,0.20729074,0.13421087,0.09524268,0.05868284,0.03670248
0.10311242,0.20428020,0.19413578,0.19020700,0.12334203,0.09256328,0.05703314,0.03532613
0.06386828,0.19467381,0.19221798,0.23296413,0.15438418,0.08158893,0.05188236,0.02842034
0.07747097,0.22500522,0.20454869,0.20442937,0.13861186,0.07114377,0.04995807,0.02883204
0.11175482,0.24208416,0.19506223,0.19228962,0.12361287,0.06903078,0.04411697,0.02204856
0.09140355,0.25163551,0.20759814,0.19342758,0.12433498,0.06254066,0.04921882,0.01984076
0.12605514,0.26884138,0.19774245,0.17471337,0.10395301,0.07468181,0.03539497,0.01861786
0.16063613,0.28070273,0.18807282,0.16086837,0.09291121,0.06841837,0.02980813,0.01858224
0.05664161,0.15136358,0.19789477,0.22811294,0.15564720,0.10133032,0.06669882,0.04231076
0.06938475,0.18177835,0.20705052,0.21698747,0.14413098,0.08978377,0.06249812,0.02838604
0.05778076,0.14630244,0.21239056,0.22590214,0.14840684,0.10531010,0.05777074,0.04613643
0.04105019,0.11911989,0.24656533,0.19452296,0.15264636,0.08573167,0.10020768,0.06015594
0.04843187,0.15236072,0.23246255,0.20112156,0.15217010,0.10023643,0.06239912,0.05081765
0.06159908,0.18772143,0.22403078,0.18883571,0.14260870,0.08968988,0.06182070,0.04369373
0.09347392,0.19638391,0.23594485,0.16384710,0.11733875,0.09914784,0.05664407,0.03721956
0.05565641,0.18508957,0.23885056,0.19389896,0.13960258,0.09875259,0.04515468,0.04299464
0.06940689,0.21731691,0.21996535,0.21206646,0.11962501,0.07751617,0.05942885,0.02467436
0.10073514,0.22763194,0.22960149,0.17331148,0.10789965,0.08204123,0.05093270,0.02784636
0.08187615,0.25185510,0.23015240,0.17278999,0.11409264,0.07137158,0.04955840,0.02830374
0.11293312,0.26239657,0.22577434,0.15427596,0.10124341,0.07625268,0.04475847,0.02236545
0.14639822,0.27348673,0.21434061,0.14825874,0.07795563,0.08231412,0.03243398,0.02481197
0.04996265,0.15306195,0.21813831,0.21203517,0.14765933,0.10911255,0.05810223,0.05192780
0.05724814,0.18572972,0.21689784,0.22622034,0.12624641,0.09593821,0.07229825,0.01942109
0.07070968,0.21713024,0.21462031,0.21378471,0.12012227,0.08785047,0.05663173,0.01915060
0.10212189,0.23094313,0.21540217,0.18948310,0.10584444,0.08532568,0.04849803,0.02238157
0.06256371,0.17153898,0.22340872,0.21006444,0.12689430,0.08988552,0.06489896,0.05074537
0.07012822,0.20399863,0.23383006,0.20942846,0.11462233,0.08424141,0.05870355,0.02504734
0.08317827,0.23877298,0.21669200,0.20715310,0.10514469,0.07921844,0.04405049,0.02579003
0.11526426,0.24647273,0.22512772,0.17855540,0.09112203,0.07914620,0.04445442,0.01985725
0.08502845,0.22066050,0.23502022,0.21281325,0.09297814,0.08016117,0.05701984,0.01631843
0.04940791,0.14937902,0.22143339,0.22100170,0.14389754,0.08625343,0.08493042,0.04369660
0.06317091,0.16850649,0.22661453,0.20812730,0.13815724,0.06725537,0.09363508,0.03453310
0.04556865,0.12019092,0.23759698,0.21781509,0.14081631,0.10179476,0.08364295,0.05257432
0.06604522,0.20150276,0.21215147,0.18463733,0.14672660,0.08234338,0.06348754,0.04310571
0.05703540,0.16042309,0.25219978,0.16541889,0.14332235,0.07844043,0.06488897,0.07827109
0.05312381,0.15433604,0.24268750,0.21402891,0.13422458,0.09893345,0.06622517,0.03644055
0.06752414,0.18957338,0.23908395,0.20851569,0.10385528,0.08915912,0.07138275,0.03090569
0.08702148,0.27346390,0.21226496,0.17427485,0.11545775,0.06781441,0.04585448,0.02384817
0.08061630,0.24089255,0.24988090,0.14121969,0.12654967,0.05647799,0.05508757,0.04927532
0.10195040,0.20124177,0.22740659,0.19372004,0.09287647,0.09418604,0.05783382,0.03078488
0.12179462,0.28510908,0.19700809,0.16418881,0.09641222,0.07944992,0.03554130,0.02049597
0.11567315,0.25079073,0.23422487,0.12617995,0.11223992,0.06760443,0.05082443,0.04246252
0.05550424,0.15572809,0.23451754,0.22243161,0.13069657,0.09570638,0.07742073,0.02799485
0.07532332,0.23679913,0.21353128,0.19239053,0.12091068,0.09291446,0.04960447,0.01852612
0.06770562,0.19847897,0.24269227,0.17447726,0.13592064,0.06636626,0.07474085,0.03961814
0.06900128,0.17666286,0.23966038,0.20769515,0.11773945,0.08872072,0.07478690,0.02573327
0.08869071,0.25960930,0.20601443,0.19374171,0.10128990,0.09148905,0.04590276,0.01326213
0.08065584,0.22005646,0.25065616,0.16709230,0.11371373,0.06586782,0.05625472,0.04570297
0.06242757,0.18407316,0.22430440,0.22681927,0.12641148,0.08584626,0.07121793,0.01889994
0.07601708,0.23291526,0.19921259,0.22620064,0.10475605,0.08881173,0.04754390,0.02454275
0.06375890,0.18304778,0.22849485,0.21622538,0.12464607,0.09150542,0.06304684,0.02927475
0.07171261,0.21830104,0.22769357,0.21676463,0.12223680,0.08355202,0.04856267,0.01117664
0.08378078,0.27182535,0.21128735,0.19027040,0.10933949,0.07573841,0.04736654,0.01039167
0.08407790,0.24054927,0.23641145,0.19331558,0.10165779,0.08115846,0.04716045,0.01566911
0.09655170,0.29477499,0.21312535,0.18296973,0.09018832,0.05961488,0.04681847,0.01595655
0.06936341,0.16557534,0.24320035,0.21240773,0.10268985,0.09516507,0.07759500,0.03400324
0.09007241,0.25011814,0.20353204,0.21141701,0.09678752,0.07269308,0.04922323,0.02615656
0.07684616,0.20654699,0.23468295,0.20273246,0.10333241,0.08149228,0.07126408,0.02310267
0.05010415,0.12971284,0.24605341,0.23162848,0.14430888,0.08984526,0.05153995,0.05680702
0.05882331,0.16251677,0.25364719,0.23428597,0.13349539,0.08434711,0.04425315,0.02863111
0.07323235,0.20553685,0.23895756,0.20965731,0.12847653,0.05925495,0.04590275,0.03898169
0.11190097,0.21604765,0.23174223,0.18551196,0.10909980,0.08522418,0.02306225,0.03741096
0.06028537,0.16255129,0.23529738,0.23797730,0.12669944,0.09513178,0.04680442,0.03525302
0.07489259,0.18692273,0.25220185,0.22008179,0.11467015,0.07957730,0.03682697,0.03482662
0.05002175,0.11986503,0.25585561,0.21972209,0.12223396,0.10829090,0.08626129,0.03774937
0.07272543,0.20810367,0.21676577,0.20372018,0.11293998,0.10142066,0.06148460,0.02283972
0.06398476,0.16414004,0.26344342,0.16395030,0.12983981,0.08656374,0.07821134,0.04986660
0.09442015,0.29739631,0.19169051,0.17736392,0.10516239,0.08626541,0.03112551,0.01657580
0.08689265,0.26026927,0.24015098,0.13682981,0.10998743,0.07846441,0.04686428,0.04054117
0.08035084,0.21786424,0.25525798,0.14134003,0.11149982,0.06137975,0.06356520,0.06874216
0.06699966,0.19048101,0.25392164,0.21527494,0.11250764,0.09594219,0.04629646,0.01857646
0.08143716,0.24547270,0.23327449,0.19682094,0.09971277,0.08037723,0.04447716,0.01842755
0.07726511,0.22530427,0.25050396,0.20580588,0.09815907,0.09879735,0.03161501,0.01254936
0.09313642,0.27496972,0.23189386,0.18130909,0.10467273,0.07803547,0.02576960,0.01021312
0.10433502,0.33262579,0.20511439,0.16994936,0.08614014,0.06977337,0.02659555,0.00546636
0.07727248,0.22852223,0.23754509,0.20447699,0.12263327,0.07531130,0.03158543,0.02265321
0.09121669,0.27591904,0.22279497,0.18365624,0.11120450,0.06389172,0.02743679,0.02388004
0.07527998,0.17108493,0.25442674,0.21648897,0.09769693,0.08671179,0.07969220,0.01861845
0.09843950,0.26188016,0.21984197,0.19496751,0.08994402,0.07447938,0.05284472,0.00760273
0.10672675,0.30328046,0.21428623,0.17733237,0.07665826,0.07813987,0.02687455,0.01670151
0.05548161,0.12352972,0.25174825,0.23183889,0.13910816,0.08985149,0.06041974,0.04802213
0.07951350,0.22323968,0.22638997,0.20797911,0.11611393,0.08669116,0.03154308,0.02852959
0.07070074,0.17667941,0.25227679,0.18900836,0.11757461,0.07645397,0.05840589,0.05890024
0.06067587,0.12994029,0.26009242,0.23977739,0.12998001,0.08497182,0.02084023,0.07372198
0.04647000,0.12180792,0.23205723,0.21961027,0.13642864,0.12736682,0.06593961,0.05031950
0.10250031,0.20995672,0.20562511,0.19265354,0.10544673,0.09012666,0.06314380,0.03054713
0.05459203,0.16206263,0.23157094,0.21376970,0.14142019,0.10779713,0.05175420,0.03703317
0.11009902,0.24902157,0.21187929,0.17204487,0.10707161,0.08403071,0.04414982,0.02170312
0.06879961,0.20148987,0.22129419,0.20475802,0.12190873,0.10715489,0.04483767,0.02975701
0.12333407,0.28219907,0.21163439,0.16083047,0.09383545,0.07267599,0.03952815,0.01596240
0.10134122,0.20865231,0.22014898,0.17786351,0.11306442,0.09162686,0.05227301,0.03502968
0.15635622,0.29343988,0.20479803,0.14091444,0.08539790,0.07005502,0.03370553,0.01533298
0.06320628,0.19540520,0.21787488,0.21522882,0.12890059,0.08966691,0.05444098,0.03527636
0.07529068,0.23382247,0.22509534,0.18306310,0.10372887,0.08640127,0.05677636,0.03582191
0.08370964,0.27298127,0.21601263,0.17991062,0.10392357,0.07221068,0.05465420,0.01659740
0.08526503,0.26894295,0.20167622,0.20863705,0.11714479,0.06812761,0.03031206,0.01989428
0.09635001,0.30572394,0.21129708,0.16856933,0.09795761,0.06601809,0.03049135,0.02359260
0.11615073,0.27713520,0.21181956,0.17143190,0.10729855,0.07424442,0.02139443,0.02052520
0.12808380,0.31386385,0.21430832,0.14314589,0.08545295,0.06925000,0.02019929,0.02569590
0.06685877,0.19312348,0.21966383,0.21443906,0.13699191,0.09369709,0.05515976,0.02006610
0.07235504,0.23166499,0.21736197,0.21160028,0.12483428,0.09311802,0.03320054,0.01586488
0.08587794,0.27888100,0.20047246,0.18348679,0.11396032,0.08445855,0.03572291,0.01714002
0.07863961,0.26127094,0.20622789,0.21574661,0.12581603,0.07107002,0.02942394,0.01180495
0.09300724,0.30550204,0.20164379,0.18913235,0.09865402,0.07184095,0.02330588,0.01691373
0.10501787,0.35176420,0.19577651,0.16009864,0.08179862,0.06307759,0.02966371,0.01280286
0.06986393,0.17431771,0.23698730,0.20684821,0.11929190,0.09318768,0.06961573,0.02988754
0.12299761,0.26201431,0.21929123,0.17679373,0.09056138,0.07672506,0.03607196,0.01554471
0.08655744,0.24275765,0.21821735,0.22047531,0.10395644,0.07315998,0.03766054,0.01721529
0.09887260,0.28856493,0.20121872,0.19930596,0.08508476,0.06733525,0.04712504,0.01249274
0.06497484,0.19103463,0.22068519,0.21472998,0.13322571,0.09471357,0.06066782,0.01996826
0.07771849,0.21037283,0.22411946,0.21584039,0.10024094,0.07582613,0.08085102,0.01503073
0.05009997,0.12044823,0.25726626,0.21160198,0.13232772,0.10093557,0.09408539,0.03323488
0.11004050,0.21276780,0.23372652,0.18920186,0.09698277,0.08285402,0.05329833,0.02112821
0.07228471,0.20845204,0.22979210,0.17329433,0.13304325,0.09758870,0.05637469,0.02917018
0.06502588,0.16617464,0.25670501,0.17846096,0.12217019,0.10184569,0.07228491,0.03733272
0.07948020,0.24387542,0.24640998,0.17961344,0.11836760,0.08456018,0.02805034,0.01964284
0.07288214,0.20658444,0.27320774,0.16122637,0.12541041,0.07311193,0.05296448,0.03461249
0.13345908,0.29921319,0.21533736,0.14284329,0.09806711,0.07346052,0.03633326,0.00128620
0.12909904,0.25806700,0.24166313,0.12858244,0.10567100,0.05352172,0.04882224,0.03457342
0.06766197,0.19621935,0.23747309,0.21589393,0.13262609,0.08351276,0.04849918,0.01811362
0.08106520,0.24040857,0.23447759,0.18461766,0.09645691,0.07620864,0.06422048,0.02254495
0.10386421,0.33788856,0.20237864,0.14778782,0.10534188,0.06052304,0.02869038,0.01352547
0.09961482,0.28737391,0.24965905,0.12740064,0.10042227,0.05423877,0.03288942,0.04840112
0.06997045,0.18881767,0.24686848,0.20100562,0.10787586,0.10655268,0.05564336,0.02326590
0.05524747,0.12427729,0.25872543,0.23917770,0.13014853,0.10496979,0.03160779,0.05584600
0.12211794,0.23297707,0.22833683,0.19261422,0.10184805,0.07546221,0.03364778,0.01299589
0.07584489,0.20782351,0.23130848,0.22865760,0.12650842,0.07074766,0.02151586,0.03759359
0.09009415,0.25683584,0.22744685,0.19978754,0.09556361,0.06070120,0.02417622,0.04539459
0.05091752,0.13295378,0.25655823,0.20850033,0.13982872,0.08762955,0.07361668,0.04999518
0.05919843,0.17392690,0.24735801,0.21862216,0.12797919,0.08123481,0.05913544,0.03254506
0.07492423,0.20931101,0.24033784,0.20959562,0.11197974,0.07876469,0.04515414,0.02993273
0.11287992,0.22009802,0.23704673,0.18687706,0.10505998,0.06981695,0.04769906,0.02052229
0.05580201,0.12675528,0.26718986,0.22574063,0.12112144,0.09129881,0.07274788,0.03934410
0.08109595,0.22902047,0.22409474,0.20557206,0.11502609,0.06691690,0.04424328,0.03403051
0.07293797,0.18696474,0.30309061,0.19269079,0.12089531,0.06311346,0.03859075,0.02171636
0.05898356,0.14874034,0.22096936,0.34066515,0.10675621,0.06653319,0.05026139,0.00709082
0.04626589,0.11816931,0.21683707,0.21965910,0.16547891,0.10614330,0.07103920,0.05640722
0.05425306,0.15430368,0.21766829,0.22113508,0.15067038,0.09944451,0.06158293,0.04094206
0.06815250,0.18912054,0.21762242,0.20251758,0.13933260,0.09469125,0.04303967,0.04552343
0.10197755,0.20031398,0.20590098,0.19160697,0.12837562,0.09275933,0.03319877,0.04586681
0.05598336,0.15170450,0.20764447,0.23546926,0.14551936,0.10387231,0.05470495,0.04510179
0.06989208,0.17094335,0.22257279,0.21439400,0.12783847,0.10274688,0.04960469,0.04200773
0.05534149,0.15417957,0.20630511,0.22447239,0.15388751,0.09170591,0.07234054,0.04176748
0.06333537,0.18968724,0.20626843,0.22442404,0.14779250,0.08037826,0.06545120,0.02266296
0.07725502,0.22370576,0.21167129,0.20428553,0.13090003,0.07590465,0.04883782,0.02743991
0.11038145,0.23512377,0.19715025,0.19530650,0.12061283,0.07395814,0.04237347,0.02509359
0.06853765,0.17750174,0.21320868,0.21902089,0.13315620,0.08675147,0.06289482,0.03892856
0.07640656,0.21528665,0.21584037,0.21587373,0.12697846,0.08010247,0.05286016,0.01665160
0.09001944,0.24536860,0.21512287,0.21012179,0.10306545,0.07803679,0.03769585,0.02056923
0.12276596,0.25926464,0.20412246,0.18608505,0.10000132,0.07178981,0.03657989,0.01939087
0.05728427,0.14348898,0.21192547,0.23273006,0.14378562,0.09626704,0.06859314,0.04592541
0.05112954,0.11937940,0.22942308,0.21716587,0.15319338,0.12679881,0.05409080,0.04881911
0.07176839,0.21144241,0.20306290,0.19452889,0.13394994,0.10084514,0.04958354,0.03481879
0.06625170,0.16451995,0.24423992,0.18753675,0.13129611,0.10952187,0.05936469,0.03726903
0.06202392,0.15198511,0.23066464,0.21808457,0.13519967,0.11052282,0.06094192,0.03057736
0.08412360,0.24317147,0.18538096,0.21292506,0.13171938,0.08990193,0.03819880,0.01457879
0.07744210,0.20801426,0.23194163,0.18308206,0.13269956,0.08804377,0.05842894,0.02034768
0.07609186,0.17794134,0.23611267,0.20981693,0.11677243,0.10521184,0.04763281,0.03042013
0.09621290,0.26968701,0.20503870,0.18945214,0.11604087,0.07633824,0.03512363,0.01210652
0.09132996,0.23319338,0.24730360,0.17065867,0.10156016,0.08424573,0.04010129,0.03160720
0.07204695,0.18798126,0.22505721,0.22173247,0.12246866,0.08862030,0.04996114,0.03213201
0.08457214,0.23833444,0.20370530,0.20368378,0.12347166,0.07094350,0.05845506,0.01683411
0.07271615,0.17630828,0.23216678,0.22818079,0.11612525,0.08776100,0.06049972,0.02624203
0.05643834,0.12599263,0.22052223,0.25816786,0.14551199,0.10643713,0.04276033,0.04416948
0.06802334,0.16157947,0.22292624,0.25530782,0.12968251,0.08973522,0.04159741,0.03114799
0.08305604,0.19162841,0.22428770,0.25084788,0.11043210,0.07858068,0.03421107,0.02695612
0.04581302,0.11823758,0.19829209,0.28801231,0.12298548,0.07118844,0.11496903,0.04050204
0.05610735,0.15214603,0.19483468,0.26874194,0.11949573,0.10042652,0.07513016,0.03311759
0.06968784,0.16866435,0.21939134,0.24655740,0.10371921,0.08781292,0.08492087,0.01924608
0.09659500,0.21758147,0.23887688,0.22207209,0.08329330,0.09248472,0.04249406,0.00660248
0.05150919,0.11777432,0.22780052,0.23704723,0.12344525,0.10498058,0.09998527,0.03745764
0.07090170,0.18532218,0.20570525,0.24038193,0.11476097,0.09945306,0.05872275,0.02475216
0.07254493,0.18868799,0.20623652,0.24994249,0.11377786,0.08919123,0.06200216,0.01761682
0.07930291,0.17081814,0.22244339,0.23848976,0.10005487,0.10302456,0.06391648,0.02194988
0.08428984,0.20634463,0.22158812,0.21335542,0.10765915,0.08105518,0.06249510,0.02321257
0.10546819,0.22162710,0.23052175,0.21970963,0.08820736,0.08751464,0.03966350,0.00728783
0.11157953,0.25692440,0.22918059,0.19036058,0.09465243,0.07086846,0.03524406,0.01118994
0.06141857,0.16044703,0.22834969,0.23038003,0.10796483,0.10453526,0.08916890,0.01773569
0.07884914,0.17324164,0.26033849,0.20076166,0.10112193,0.11445099,0.05570362,0.01553253
0.05731893,0.11650474,0.24878162,0.21879765,0.09771416,0.15120895,0.09165763,0.01801632
0.07770465,0.17814187,0.25329475,0.18674244,0.12689633,0.08567505,0.05715819,0.03438672
0.06661847,0.15121062,0.24758092,0.23909892,0.12213060,0.09698710,0.07053143,0.00584193
0.07718025,0.19038631,0.24235908,0.22448940,0.11361416,0.08545979,0.06108026,0.00543075
0.08956800,0.22160533,0.23824195,0.20711524,0.11940444,0.08159962,0.03689773,0.00556770
0.07683313,0.19001483,0.24679208,0.21935112,0.11238120,0.08561518,0.05953979,0.00947268
0.08379007,0.22333819,0.23322100,0.20160306,0.14000714,0.07457422,0.03323826,0.01022806
