0.00098093,0.01736603,0.04911898,0.08250681,0.06928247,0.00134423,0.47088102,0.00930064,0.01209809,0.00000000,0.08207084,0.00000000,0.12541326,0.00000000,0.07963669,0.00000000
0.00384170,0.03340611,0.07781238,0.14295429,0.33137669,0.09754584,0.06706277,0.00000000,0.14015057,0.00198051,0.00000000,0.05633702,0.00000000,0.04753212,0.00000000,0.00000000
0.03320010,0.04542859,0.21178598,0.39196584,0.10124188,0.00712535,0.07921157,0.04534532,0.03776794,0.00021412,0.01119359,0.02713344,0.00000000,0.00838627,0.00000000,0.00000000
0.03367101,0.11224834,0.51791717,0.19976971,0.00124449,0.04146361,0.04767443,0.00000000,0.01316601,0.00000000,0.00000000,0.02665767,0.00000000,0.00000000,0.00000000,0.00618756
0.00108906,0.03092647,0.05756651,0.06203444,0.11048358,0.03218307,0.28328086,0.07194767,0.01486984,0.04088856,0.10017243,0.05014556,0.00000000,0.10985528,0.03455666,0.00000000
0.00246621,0.04604530,0.07039915,0.12831310,0.09980452,0.18486082,0.12516027,0.07414751,0.06988068,0.03765878,0.03201171,0.03264228,0.04002690,0.03791101,0.01832143,0.00035031
0.03082793,0.04613090,0.14570428,0.15172557,0.06386182,0.17349381,0.12594776,0.05312337,0.03517741,0.04497243,0.02484825,0.03642607,0.02097048,0.02356491,0.00493219,0.01829281
0.03269094,0.12174628,0.24272556,0.06272155,0.09264160,0.14552339,0.09471458,0.04156331,0.00673028,0.02428154,0.05834065,0.02537331,0.01370933,0.02312758,0.00000000,0.01411010
0.04797083,0.13874536,0.49937429,0.17064966,0.02558668,0.01696135,0.03684267,0.01085903,0.00000000,0.00000000,0.00000000,0.05301012,0.00000000,0.00000000,0.00000000,0.00000000
0.00358260,0.03349648,0.06867494,0.04907155,0.06730413,0.19986040,0.16503515,0.10608201,0.01353147,0.07127359,0.05992027,0.02945134,0.03770142,0.06709389,0.02792075,0.00000000
0.03315903,0.05847434,0.14942529,0.18925230,0.11748310,0.08040222,0.13499581,0.02411491,0.05792347,0.01023630,0.04292668,0.05951030,0.00763817,0.00312433,0.00000000,0.03133376
0.04935059,0.06885749,0.15984891,0.50079137,0.02912574,0.01202558,0.03203831,0.04781679,0.07429919,0.01780994,0.00796267,0.00000000,0.00000000,0.00000000,0.00000000,0.00007343
0.00283350,0.04604922,0.05539977,0.05755909,0.22933745,0.02110467,0.15797239,0.12370661,0.05132539,0.01244785,0.03957126,0.06587394,0.00000000,0.00000000,0.00000000,0.13681886
0.00124868,0.03580857,0.05430278,0.06289605,0.10767151,0.09761817,0.18508960,0.05036993,0.06535900,0.07342625,0.08249146,0.03582332,0.02288917,0.05479439,0.05358504,0.01662611
0.00243155,0.04619936,0.06526779,0.10306995,0.11642376,0.14368758,0.12368886,0.07972416,0.06233418,0.06534162,0.04404345,0.03687187,0.04468826,0.03069457,0.02762806,0.00790498
0.02239242,0.04701033,0.12062333,0.11634431,0.09047855,0.14432255,0.11481152,0.06442120,0.05483638,0.05596141,0.04898527,0.02592471,0.03456628,0.03263556,0.00915741,0.01752878
0.02340560,0.09942509,0.17425579,0.06762972,0.09448477,0.12703532,0.10853106,0.05261389,0.03951279,0.05277954,0.04128624,0.03281364,0.03443605,0.01414860,0.03700853,0.00063337
0.04771928,0.15459756,0.29196089,0.07413419,0.12622224,0.09118058,0.03994027,0.05773325,0.00959491,0.03601464,0.03444921,0.00992245,0.01149270,0.00829440,0.00163769,0.00510573
0.00254578,0.04956340,0.06535812,0.10746249,0.09600155,0.14097364,0.13185044,0.08775006,0.08220284,0.03404110,0.07096972,0.03641353,0.01603740,0.05707691,0.01825134,0.00350168
0.02669704,0.04461859,0.12155231,0.08596614,0.08640096,0.15165874,0.15277050,0.07176528,0.04652588,0.03627299,0.04933245,0.03722169,0.03946003,0.02998784,0.00602326,0.01374628
0.00274185,0.04120058,0.05561630,0.05938984,0.13590921,0.12313075,0.14032196,0.08600649,0.05091759,0.06025893,0.06728456,0.05496027,0.02514761,0.06070750,0.03497676,0.00142980
0.02287643,0.05534729,0.11929897,0.14017309,0.10425380,0.11030524,0.11743570,0.06335655,0.05186549,0.06526431,0.04482958,0.02662521,0.04052461,0.00855433,0.02287643,0.00641297
0.00441289,0.06075118,0.05010108,0.14872544,0.09627000,0.17424747,0.09999260,0.03339250,0.04093016,0.08603900,0.02096738,0.06466484,0.02248971,0.02490570,0.06902842,0.00308163
0.00523551,0.06569960,0.07591496,0.16778102,0.15151869,0.10500486,0.11478672,0.09241628,0.05486731,0.03835487,0.03906628,0.04659164,0.00940948,0.01771849,0.00658608,0.00904821
0.02477855,0.06910276,0.13736294,0.19597224,0.12199692,0.09497888,0.12838834,0.05704054,0.03251699,0.04600938,0.02815996,0.03557689,0.01087041,0.01121409,0.00523842,0.00079269
0.04733123,0.06831544,0.19256129,0.19436355,0.08953042,0.11881161,0.09874501,0.04258382,0.03616053,0.02466015,0.02904491,0.02183039,0.00754970,0.02009407,0.00688484,0.00153302
0.02836046,0.10276601,0.19825304,0.06768903,0.12561210,0.10257301,0.11466605,0.06361391,0.02413093,0.02053556,0.06040454,0.00917593,0.03676990,0.04006750,0.00473685,0.00064518
0.00695921,0.06488771,0.07941854,0.15252926,0.14452894,0.09315881,0.12398535,0.09269116,0.04855304,0.07301607,0.03469585,0.02826554,0.01478137,0.01393513,0.00745471,0.02113931
0.02500801,0.06538559,0.12975981,0.17293939,0.14831825,0.08076621,0.11156061,0.07412320,0.02116148,0.03920041,0.04426833,0.01569564,0.02823004,0.02656100,0.00238198,0.01464005
0.00154644,0.04876187,0.05552837,0.06192946,0.10881211,0.18415060,0.14890868,0.08040847,0.07785717,0.04711755,0.02145444,0.06791296,0.00984633,0.03041989,0.02435810,0.03098757
0.00216524,0.04356564,0.06130392,0.05170471,0.16943243,0.06246426,0.13361722,0.05815044,0.10527485,0.11310300,0.03119604,0.07389004,0.00000000,0.01226967,0.08186255,0.00000000
0.00329846,0.05673012,0.06691782,0.10302432,0.13877229,0.07135805,0.13873368,0.10849600,0.07368572,0.05940529,0.05371848,0.04089974,0.01316073,0.03466136,0.02271411,0.01442385
0.02741671,0.05595715,0.13319804,0.07806272,0.13818493,0.07016867,0.18544298,0.06271070,0.05828847,0.03538903,0.07833666,0.01893565,0.02203288,0.02296094,0.01129877,0.00161571
0.00124841,0.03921457,0.04978039,0.07305488,0.11136739,0.11954296,0.11204488,0.08760191,0.07530811,0.09444153,0.04997450,0.04402552,0.03257667,0.04742820,0.04200446,0.02038564
0.00208043,0.04719941,0.06012696,0.10470587,0.10955893,0.12470762,0.11112590,0.08624827,0.06977982,0.07117185,0.06498382,0.03835665,0.03756556,0.03630666,0.01535407,0.02072819
0.01721859,0.04794019,0.10091002,0.10532039,0.09688857,0.12816146,0.10443681,0.07579202,0.06303289,0.07485557,0.05003210,0.03170713,0.01993732,0.04764566,0.01655402,0.01956727
0.01855721,0.08565675,0.14471609,0.07126644,0.09718254,0.11619144,0.10189148,0.05745582,0.06301169,0.07943839,0.02878814,0.03584590,0.02335648,0.03931643,0.02530631,0.01201890
0.03710726,0.12843556,0.23506752,0.07965608,0.10061073,0.11242880,0.05710450,0.05324492,0.04020764,0.05590399,0.01955218,0.02913754,0.02451503,0.01204247,0.00957788,0.00540789
0.05623038,0.17833465,0.30929112,0.07749565,0.14300716,0.06456491,0.02895271,0.04037849,0.04035631,0.01720893,0.02098424,0.01082676,0.00733617,0.00503252,0.00000000,0.00000000
0.00337046,0.05050327,0.06308020,0.09025096,0.10703043,0.11107575,0.14128338,0.08902395,0.10704576,0.03473993,0.07008570,0.03131195,0.03036101,0.06059549,0.00047547,0.00976629
0.00198701,0.04329415,0.05392235,0.07251540,0.11007956,0.11687237,0.13627618,0.08646648,0.08013577,0.05198575,0.06885644,0.04449140,0.03716509,0.05999261,0.02361728,0.01234215
0.01756662,0.05358850,0.09609205,0.12430982,0.11522538,0.11614773,0.08869647,0.08952194,0.05253139,0.06461449,0.07633118,0.02486955,0.02724910,0.03420668,0.01258850,0.00646061
0.00393773,0.06283181,0.06853922,0.13608877,0.13965747,0.09134369,0.13168975,0.10319883,0.05433989,0.06460568,0.04120153,0.03740219,0.02627253,0.02186093,0.01565449,0.00137548
0.01822069,0.06047287,0.11340159,0.15492330,0.11561779,0.10561395,0.11043841,0.07838816,0.03940043,0.08053833,0.03116295,0.02129943,0.02865373,0.01265750,0.01870767,0.01050320
0.03484684,0.06281623,0.14847248,0.14756971,0.12330577,0.09914853,0.10097868,0.06426886,0.03701758,0.07680092,0.01333224,0.02259792,0.02744004,0.02250354,0.01100966,0.00789101
0.02175574,0.09210166,0.15534239,0.07188655,0.13085005,0.09054857,0.10738757,0.07502180,0.03611561,0.05247290,0.04841161,0.03447531,0.04255637,0.03431751,0.00651966,0.00023670
0.00547517,0.07209670,0.08649932,0.16196053,0.14192810,0.09250947,0.13012931,0.09089617,0.07319173,0.03303910,0.04279409,0.03471926,0.01683510,0.01109662,0.00279192,0.00403742
0.01992194,0.07227976,0.12481594,0.18942640,0.11277070,0.11160101,0.08546151,0.10900034,0.04624810,0.04824319,0.02623076,0.02581183,0.01374170,0.00858182,0.00085445,0.00501056
0.05290237,0.07348252,0.21224397,0.18105243,0.10683375,0.10686629,0.08429727,0.04639481,0.03804887,0.03260693,0.02080791,0.00818732,0.00869572,0.00366050,0.01288496,0.01103438
0.04186506,0.13364473,0.26365152,0.06857343,0.12657051,0.07505504,0.09610486,0.04545773,0.02906644,0.02460956,0.03180724,0.02488117,0.03333813,0.00505360,0.00001235,0.00030865
0.00138906,0.03840156,0.05409753,0.06591019,0.10800203,0.13883001,0.10992476,0.07776827,0.07247699,0.08936898,0.06279522,0.03116862,0.05979001,0.03816690,0.01272104,0.03918882
0.00222654,0.04636351,0.06356239,0.09875912,0.11517417,0.11714700,0.12046788,0.08026143,0.07302896,0.07296838,0.04977148,0.05274398,0.03835478,0.01891422,0.02566578,0.02459038
0.01770822,0.04760644,0.10417289,0.09761079,0.10661619,0.12205509,0.11004663,0.07626410,0.06301130,0.07289039,0.04122967,0.03788621,0.03507226,0.02326804,0.02492842,0.01963335
0.01852423,0.08626095,0.14719768,0.07070255,0.10433786,0.10805924,0.10109386,0.06304176,0.05554261,0.06743600,0.03679660,0.05837687,0.02150509,0.02870353,0.01857309,0.01384806
0.00314775,0.05488506,0.07290138,0.13158114,0.11427988,0.12287565,0.11376912,0.09012697,0.07190635,0.07218254,0.03149261,0.03858639,0.03574888,0.01381680,0.01553822,0.01716128
0.01856330,0.05484731,0.11307630,0.13544068,0.10398168,0.11994544,0.11071102,0.07388291,0.06813974,0.06415730,0.03728529,0.03145899,0.02970959,0.01755447,0.01056064,0.01068533
0.01967794,0.09143902,0.15951966,0.10306365,0.10940846,0.11475977,0.08921872,0.06975528,0.06046009,0.05574853,0.03356803,0.03908870,0.01674262,0.01703992,0.01426265,0.00624697
0.03406902,0.05549867,0.15118316,0.14476678,0.09813804,0.12700038,0.08573758,0.07334471,0.06880925,0.04778536,0.02689041,0.02952598,0.02793326,0.01648843,0.00653394,0.00629503
0.03506897,0.08900821,0.20498792,0.10028145,0.10454467,0.11717627,0.07586111,0.05846961,0.05977152,0.04949918,0.03172387,0.02872119,0.01415552,0.00958000,0.01891542,0.00223508
0.03597922,0.12721838,0.24841038,0.06676791,0.10611296,0.10088138,0.07528695,0.04014359,0.05036793,0.03799051,0.03952043,0.03311715,0.01049301,0.00054480,0.01925832,0.00790707
0.00233878,0.04814919,0.06440241,0.09654638,0.10192978,0.11820207,0.14339837,0.07871363,0.07486017,0.06412389,0.05484125,0.03870249,0.04927471,0.03334961,0.02295290,0.00821436
0.02041493,0.04568221,0.10464554,0.07774430,0.10675559,0.12311419,0.13661242,0.07445735,0.06122954,0.06004502,0.04634874,0.02533584,0.05871196,0.02557579,0.02430747,0.00901913
0.00229357,0.04262773,0.05614639,0.06193053,0.12869514,0.10749637,0.13818750,0.09696604,0.05802979,0.06660138,0.05994249,0.04888063,0.03418589,0.05397001,0.02879098,0.01525558
0.01758380,0.05190398,0.10431474,0.11809349,0.10787470,0.10623803,0.12032833,0.07622137,0.05005130,0.06781787,0.04981868,0.03509282,0.03059406,0.03690396,0.02167547,0.00548741
0.00366530,0.05693559,0.05703878,0.11607395,0.10288424,0.16828996,0.08366943,0.05519042,0.07455776,0.05829494,0.03895900,0.05139950,0.03929099,0.03804828,0.02985630,0.02584555
0.00336561,0.05168552,0.06547029,0.09684495,0.13804435,0.11075111,0.12556983,0.08594021,0.06902008,0.05804837,0.05382461,0.04543989,0.03238770,0.03938682,0.01388941,0.01033124
0.02065852,0.05151681,0.11111993,0.09869809,0.12765175,0.11436114,0.11111993,0.08747917,0.05269885,0.05601941,0.03515206,0.04679283,0.03272533,0.03244548,0.01669890,0.00486181
0.03495442,0.06192198,0.15637874,0.16554026,0.10375891,0.09369158,0.10914002,0.06048260,0.05454726,0.03998395,0.03143044,0.04639909,0.01995268,0.01167629,0.00810268,0.00203911
0.02295305,0.06611593,0.11633921,0.15525235,0.11990538,0.12352552,0.09004933,0.05760297,0.06341768,0.03511762,0.03307595,0.03715030,0.01900462,0.02141055,0.02758503,0.01149451
0.02156922,0.09139346,0.16176916,0.06691351,0.12543485,0.10321465,0.10435904,0.06986985,0.04710648,0.04499600,0.05010013,0.03522309,0.03355212,0.02100532,0.01701240,0.00648072
0.03629595,0.10015024,0.21045789,0.12545504,0.11002287,0.07574107,0.10880530,0.05546338,0.03581305,0.03412909,0.03550350,0.04743155,0.00597228,0.01499880,0.00207193,0.00168809
0.02451249,0.11212004,0.16763924,0.11305033,0.11282332,0.11450586,0.08816840,0.04106187,0.05393014,0.03528427,0.03061502,0.03546232,0.01203146,0.00915602,0.02781079,0.02182844
0.00480461,0.06347698,0.07319503,0.12765290,0.13707797,0.10217338,0.12566492,0.09509620,0.06168153,0.04597028,0.06055571,0.03366159,0.02868120,0.02600267,0.01176042,0.00254460
0.01898579,0.06347474,0.12308903,0.14005922,0.10681431,0.12508797,0.09788987,0.09145577,0.04359360,0.05711145,0.04026203,0.02892636,0.02895551,0.01487546,0.01500040,0.00441850
0.00701519,0.06806444,0.08246492,0.16820666,0.13889420,0.09620423,0.12417352,0.08400353,0.05627542,0.05425028,0.03160372,0.03392826,0.02287943,0.02228478,0.00532273,0.00442868
0.02072575,0.06788315,0.13164101,0.18390020,0.10870986,0.10779957,0.10994290,0.05875952,0.06646392,0.04126531,0.03227822,0.03425190,0.00842023,0.02036577,0.00380669,0.00378600
0.02076304,0.07080739,0.13358563,0.17745786,0.13240841,0.09306683,0.09194349,0.07052138,0.05857506,0.04624740,0.02176616,0.02948443,0.02581597,0.01737231,0.00477106,0.00541356
0.03527047,0.07144531,0.18090297,0.18391206,0.10808055,0.08157426,0.10728306,0.05459523,0.05644919,0.02833970,0.02357531,0.02873022,0.02553204,0.00547556,0.00563999,0.00319407
0.00573412,0.06208527,0.07762344,0.12259059,0.12180694,0.11620764,0.12402728,0.09190187,0.06286049,0.05582028,0.05206214,0.04186205,0.02494618,0.01755628,0.01542020,0.00749523
0.02300793,0.05100649,0.11587213,0.06883555,0.13986312,0.10310482,0.14232288,0.07473813,0.06173656,0.02787725,0.06709113,0.01954838,0.05354155,0.02968023,0.01751531,0.00425856
0.03895797,0.06203359,0.15838848,0.13515955,0.09237291,0.11477312,0.12682680,0.06994783,0.03057550,0.03975768,0.04505733,0.03189316,0.02216403,0.01302328,0.01200396,0.00706481
0.02235751,0.06147161,0.12073056,0.11294216,0.11717855,0.11524719,0.12825863,0.07684266,0.04789755,0.03566285,0.04511809,0.03217802,0.05691613,0.01235226,0.00623491,0.00861132
0.00172418,0.04880933,0.05319515,0.07105877,0.12426334,0.12759863,0.13862678,0.09734542,0.07072901,0.06183488,0.05515016,0.04781062,0.02684254,0.03048875,0.01892357,0.02559887
0.00260822,0.05881883,0.06753639,0.11381697,0.11792433,0.12288229,0.15483413,0.08801677,0.06742830,0.04434440,0.05001198,0.04276537,0.02790088,0.00781525,0.00911231,0.02418358
0.02148200,0.05697945,0.11851948,0.11538176,0.11597964,0.11255921,0.13704916,0.07894810,0.05705361,0.04375655,0.03208165,0.04661154,0.00926947,0.00655352,0.01828867,0.02948619
0.02355626,0.10458346,0.17179012,0.07392175,0.10561976,0.11779057,0.15334105,0.04349705,0.05281453,0.03468611,0.03681914,0.02637241,0.01675752,0.01068373,0.01007961,0.01768694
0.00317538,0.04596454,0.06007837,0.05533376,0.18149511,0.08853217,0.12700596,0.11027983,0.04502762,0.05796914,0.06039221,0.03261226,0.06030452,0.03635533,0.02849534,0.00697845
0.02014964,0.05811632,0.11321781,0.11261392,0.13474579,0.11963933,0.08555413,0.08061698,0.05084199,0.07477170,0.04717716,0.01607914,0.04270561,0.03271607,0.00944096,0.00161345
0.00480943,0.06462164,0.06776000,0.10754480,0.15370311,0.12552922,0.11617018,0.04938838,0.05283242,0.04843057,0.06171764,0.03497027,0.05293431,0.01159562,0.04799242,0.00000000
0.03673944,0.06845918,0.15954132,0.19315088,0.09313669,0.11058896,0.08363725,0.05280522,0.03822659,0.05916107,0.04390063,0.02088414,0.02559269,0.01115590,0.00302006,0.00000000
0.02427219,0.07568937,0.12643893,0.18402658,0.10256631,0.11697586,0.10625341,0.04245989,0.04846345,0.03104959,0.04484715,0.02600194,0.01518339,0.03764490,0.00516903,0.01295798
0.01121593,0.08676544,0.09103388,0.18959320,0.08943848,0.19400011,0.11885396,0.03559839,0.07512808,0.02903620,0.00974094,0.00919309,0.03219087,0.00865728,0.01955413,0.00000000
0.00671728,0.07060161,0.07519518,0.12900359,0.14320530,0.10940372,0.10780393,0.09050553,0.04623510,0.06126945,0.03418983,0.03657550,0.05510883,0.01999747,0.00987478,0.00431291
0.00225022,0.05355101,0.06429045,0.05727353,0.15556785,0.10607872,0.17030130,0.09432120,0.03580509,0.06358040,0.03625931,0.06170609,0.01148081,0.03795089,0.00924626,0.04033685
0.02208933,0.06538586,0.12279145,0.12732523,0.10678476,0.11306230,0.16263636,0.05273847,0.05150758,0.02786938,0.04357861,0.03406486,0.00929834,0.00482611,0.04945097,0.00659039
0.00631172,0.07508999,0.08095782,0.11614049,0.16132583,0.07342389,0.25305249,0.03514010,0.05903099,0.02334363,0.05457387,0.00845819,0.00628132,0.01551783,0.03135185,0.00000000
0.00245751,0.05944032,0.06833147,0.06055565,0.20137117,0.02094558,0.33738508,0.05542638,0.05966086,0.03533148,0.06443096,0.00169505,0.00995608,0.02301241,0.00000000,0.00000000
0.00234631,0.04397331,0.04830366,0.07108857,0.12839415,0.10817038,0.14036581,0.07978298,0.05782791,0.06527545,0.08091611,0.04899871,0.05009815,0.02239315,0.03427635,0.01778899
0.02177100,0.09505397,0.15101400,0.07807575,0.11325739,0.09870877,0.10053618,0.08222893,0.03444653,0.05757977,0.04048111,0.05312340,0.02484851,0.02431275,0.02176270,0.00279925
0.04064643,0.13831801,0.26438489,0.07544918,0.11543716,0.07647388,0.09323945,0.06002519,0.01410711,0.03561346,0.03337065,0.02828007,0.00653915,0.01692195,0.00000000,0.00119343
0.00601538,0.05998460,0.07116932,0.13883601,0.13551951,0.10044671,0.12007073,0.08490486,0.06460824,0.07373707,0.03446365,0.03928611,0.02948890,0.01316023,0.02516138,0.00314729
0.01934950,0.06287122,0.10960950,0.15152504,0.12201978,0.10941709,0.10545182,0.06861416,0.03408121,0.06071291,0.05825344,0.02001874,0.02614231,0.03017032,0.01138968,0.01037327
0.00175703,0.04870764,0.04552599,0.09171206,0.09458503,0.16928717,0.15836036,0.05284852,0.07795026,0.06439741,0.02733839,0.05255885,0.01781720,0.04893083,0.03426202,0.01396124
0.00192714,0.04421236,0.05236437,0.06517054,0.14370674,0.06977496,0.12595632,0.09431390,0.08525011,0.08152845,0.06629782,0.04317626,0.02565792,0.03358614,0.03660740,0.03046956
0.00273522,0.05370668,0.06591123,0.09675931,0.14608881,0.06382032,0.12876716,0.10234613,0.08328276,0.06345868,0.06456856,0.03479295,0.02347796,0.01974094,0.03470565,0.01583765
0.02051312,0.05406796,0.10916532,0.09247922,0.14279073,0.07485503,0.12051768,0.08472557,0.07304530,0.05612260,0.05631353,0.03217264,0.01902714,0.02932521,0.02678909,0.00808986
0.02160163,0.09727124,0.14894775,0.07439966,0.13108177,0.07098149,0.09927101,0.08272035,0.05951478,0.04541744,0.06803338,0.02376220,0.02852042,0.00998648,0.02739478,0.01109563
0.00296607,0.05498631,0.05760392,0.09964739,0.12710528,0.08075168,0.14756492,0.07850743,0.07827512,0.07615117,0.05156393,0.03796565,0.03521530,0.03205011,0.02901767,0.01062806
0.02062023,0.05355941,0.10688615,0.07908644,0.13487698,0.07425442,0.15283814,0.07358135,0.06711234,0.05942597,0.05548308,0.02927881,0.03560656,0.02743824,0.01911204,0.01083985
0.00384034,0.05624462,0.06427897,0.08554441,0.13052180,0.08801172,0.14192633,0.09396571,0.06943410,0.06317638,0.07299984,0.03229551,0.01986744,0.02148180,0.03926472,0.01714633
0.00126797,0.04277131,0.05562093,0.06231716,0.14289562,0.04856006,0.13110264,0.15622591,0.08069448,0.05106286,0.03005014,0.05458915,0.03637343,0.05714582,0.04932250,0.00000000
0.00258781,0.05487746,0.06582879,0.09301124,0.11704331,0.08926912,0.12229811,0.14174629,0.08237245,0.04579303,0.04849336,0.03169966,0.03942976,0.03698780,0.02224852,0.00631326
0.02218655,0.05506930,0.10875926,0.06648025,0.11928408,0.13266372,0.10439551,0.14926184,0.03773971,0.04136363,0.03731337,0.05453428,0.03286185,0.02090753,0.01322081,0.00395830
0.00123076,0.04197021,0.05007583,0.08413312,0.12725018,0.05290721,0.11883998,0.11214849,0.06854969,0.10123325,0.07718367,0.03712487,0.04348380,0.03981949,0.01607760,0.02797185
0.00215451,0.04866998,0.06032617,0.09549146,0.11686479,0.10802507,0.10516800,0.08904043,0.08253320,0.08094698,0.06432918,0.04372711,0.03006317,0.03387258,0.02420229,0.01458507
0.01439970,0.04869178,0.09053937,0.09816292,0.10723078,0.10450300,0.10340199,0.07595101,0.07865096,0.08047257,0.06982743,0.02792417,0.02423764,0.03751160,0.02215624,0.01633884
0.01546187,0.07949792,0.12461661,0.07405113,0.11126626,0.07875504,0.10937052,0.07943011,0.06474503,0.08346203,0.04663220,0.03604378,0.02827894,0.02091483,0.04633320,0.00114053
0.03068106,0.11836347,0.19441918,0.07506393,0.11307195,0.09020916,0.06719684,0.06676350,0.05181663,0.07117921,0.02462358,0.02402546,0.02074496,0.03754112,0.01429993,0.00000000
0.04733384,0.15506132,0.26839667,0.07441635,0.11935201,0.07233308,0.04603179,0.05980318,0.04229220,0.03950946,0.02392127,0.01328690,0.02692808,0.00955034,0.00178350,0.00000000
0.06456632,0.19429255,0.33967694,0.05513185,0.14704824,0.05249667,0.01957945,0.05106666,0.04173112,0.01507357,0.01933662,0.00000000,0.00000000,0.00000000,0.00000000,0.00000000
0.00133153,0.04051267,0.05165729,0.07307021,0.10311641,0.12191270,0.10897206,0.09703161,0.06824572,0.09261278,0.05403238,0.05146221,0.04424406,0.04420690,0.02805200,0.01953948
0.00195353,0.04778210,0.06000181,0.09385993,0.11010821,0.10253710,0.12926965,0.09914412,0.06794680,0.08469670,0.04852675,0.04310235,0.04257580,0.03352474,0.02488495,0.01008546
0.01481105,0.04783084,0.09030963,0.09753861,0.10159601,0.11600133,0.11172712,0.08303109,0.07696668,0.06864436,0.05351120,0.03508256,0.03434851,0.03657853,0.01557607,0.01644640
0.01576970,0.07786252,0.12530678,0.07395235,0.10324332,0.11300186,0.09307012,0.07719598,0.06729000,0.06252592,0.04925651,0.04667942,0.02429345,0.03164998,0.02420130,0.01470078
0.00204810,0.04714990,0.05895370,0.09587551,0.10904367,0.12272463,0.11344445,0.09117015,0.07385295,0.06726110,0.06474682,0.03702438,0.04740475,0.03489547,0.01417823,0.02022619
0.00276190,0.05394505,0.06668374,0.12049609,0.11061188,0.10721119,0.12724192,0.09009048,0.07042080,0.07179403,0.03455001,0.05397282,0.03528446,0.02290682,0.00862824,0.02340057
0.01544657,0.05452678,0.10032668,0.11767188,0.10584885,0.11160680,0.11709484,0.08074779,0.07153693,0.05720100,0.04830038,0.04230355,0.03203169,0.01773920,0.02065540,0.00696166
0.01644846,0.08530334,0.13319503,0.09803922,0.10952118,0.10968099,0.09541152,0.07731883,0.05141066,0.06169095,0.05094044,0.04127482,0.02752474,0.00862069,0.02061590,0.01300326
0.01461541,0.04765975,0.09287896,0.09448335,0.09850051,0.12410910,0.10418994,0.08394681,0.06665947,0.08035543,0.04467619,0.03896517,0.03772793,0.02556231,0.02452254,0.02114714
0.01536184,0.05458074,0.10316940,0.11486925,0.10681904,0.10134304,0.12086133,0.09101837,0.06510937,0.06305432,0.03928997,0.03711750,0.04419736,0.01295450,0.02481505,0.00543891
0.02788870,0.05499905,0.13091539,0.11891694,0.09968558,0.11603731,0.10652470,0.07436270,0.05862627,0.06427477,0.04138542,0.03465091,0.02043121,0.02479680,0.01358286,0.01292141
0.02890886,0.08431980,0.17059875,0.09600415,0.10308649,0.11038959,0.08610419,0.06693279,0.05859953,0.05164289,0.04203113,0.03153638,0.02677802,0.02008812,0.02018623,0.00279308
0.01578271,0.07786834,0.12654984,0.07316019,0.09657219,0.12954148,0.08865478,0.07118314,0.06050091,0.07096857,0.04660023,0.03708279,0.03316853,0.04013573,0.01890309,0.01332749
0.01642743,0.08380318,0.13371329,0.09814809,0.10745513,0.10817176,0.10091968,0.07549452,0.05189770,0.06900501,0.03852361,0.03533245,0.03151960,0.02473609,0.01090568,0.01394678
0.02892462,0.08480799,0.16715405,0.09916313,0.09821694,0.11033980,0.09407391,0.06298745,0.05157499,0.06539426,0.03786290,0.03200203,0.02344652,0.01835118,0.02397932,0.00172090
0.02977171,0.11600439,0.20249649,0.07417140,0.09917903,0.10651285,0.07737594,0.06042544,0.04649637,0.05748031,0.03112678,0.04088384,0.02087225,0.01634926,0.01582433,0.00502960
0.03077870,0.11277094,0.19642672,0.08034697,0.10474873,0.10567191,0.06918047,0.06332149,0.05153650,0.04912953,0.04375194,0.02889273,0.01952080,0.02609273,0.01553560,0.00229423
0.03166239,0.11846653,0.20780329,0.10386812,0.10440756,0.10023528,0.07256536,0.06346193,0.06132855,0.03719698,0.03183611,0.02926081,0.01345857,0.01562852,0.00550717,0.00331283
0.04408901,0.11627554,0.24141566,0.10780892,0.10242272,0.10620491,0.05381940,0.05538391,0.04599377,0.04368193,0.02444596,0.02846206,0.01083011,0.00610921,0.00470874,0.00834814
0.04488970,0.14953135,0.27907470,0.07603803,0.10742264,0.08787390,0.05319632,0.04746166,0.04302359,0.03656490,0.02805833,0.02017583,0.00853383,0.00498943,0.00974862,0.00341717
0.00214717,0.04824462,0.06065977,0.08970073,0.10236374,0.11347757,0.13181679,0.08613761,0.07381232,0.07160009,0.06075581,0.04406183,0.03729191,0.03785581,0.02129815,0.01877608
0.01664058,0.04671735,0.09249751,0.07873346,0.10635744,0.12309391,0.11941937,0.07260304,0.07332682,0.06609528,0.05145280,0.03514008,0.04502546,0.03364924,0.02801680,0.01123085
0.00325019,0.04855360,0.06384880,0.08214201,0.10827429,0.10040721,0.13890515,0.09844589,0.08239730,0.06501002,0.04985804,0.05333238,0.03933539,0.03812435,0.02341756,0.00469783
0.00187578,0.04414967,0.05471982,0.06452154,0.12093930,0.11954673,0.12866726,0.08963823,0.05853179,0.07797080,0.07310853,0.03277753,0.04491811,0.04911932,0.01758672,0.02192887
0.01442522,0.05073159,0.09331733,0.11455188,0.10412292,0.09844682,0.11645835,0.08255174,0.06522348,0.06995967,0.05143819,0.04384562,0.03547312,0.02509749,0.02956038,0.00479619
0.00321223,0.05468214,0.05759366,0.10442566,0.10938550,0.14879895,0.08077617,0.07194255,0.07661938,0.06004528,0.05063855,0.04520466,0.03127675,0.06623271,0.00960838,0.02955743
0.00269823,0.05104548,0.06227027,0.09708618,0.12310772,0.11066438,0.12440328,0.08711677,0.06356582,0.06931044,0.06275233,0.04246872,0.02910141,0.03877622,0.01528887,0.02034387
0.01612909,0.05194475,0.09749337,0.09480853,0.11779181,0.11187715,0.12094140,0.07348364,0.06685346,0.06556955,0.05567945,0.03350530,0.02955662,0.03629044,0.01417313,0.01390231
0.02862594,0.05948445,0.13490165,0.13918793,0.10272149,0.08750422,0.11093298,0.07328400,0.06804375,0.05247206,0.04087859,0.03349189,0.03281284,0.01902986,0.01321656,0.00341179
0.01856926,0.06312913,0.10220519,0.13493121,0.09944738,0.13104199,0.09334837,0.06643496,0.06371958,0.06070720,0.04208137,0.02559107,0.02606485,0.02802714,0.03757694,0.00712435
0.01752172,0.08386653,0.13504378,0.06965524,0.12147997,0.10218183,0.11334500,0.06072006,0.05587560,0.06911070,0.04554586,0.03248010,0.02766221,0.03873241,0.01085437,0.01592461
0.02981309,0.08943596,0.17612117,0.10847359,0.11657085,0.06636125,0.11138597,0.06617984,0.05826399,0.04169676,0.03893611,0.03824017,0.03038039,0.01227617,0.01095686,0.00490783
0.01992981,0.09750895,0.14120177,0.10455584,0.10719226,0.12598162,0.07945526,0.05827587,0.05106707,0.05639271,0.03800463,0.03462902,0.02428748,0.01560383,0.04088744,0.00502645
0.03407247,0.12231464,0.21002031,0.07931921,0.11523157,0.09815913,0.08277846,0.04547055,0.04542447,0.05407425,0.03024129,0.02824671,0.02681825,0.01543991,0.00610224,0.00628656
0.04639052,0.13146991,0.24578529,0.12552941,0.10307835,0.09533401,0.06074237,0.03707561,0.04779350,0.03595848,0.02933455,0.02361418,0.01336943,0.00322325,0.00130113,0.00000000
0.03729786,0.13930779,0.21873700,0.11744004,0.12111320,0.08171140,0.07382684,0.03529527,0.04465119,0.03508208,0.03669324,0.00976133,0.00392480,0.01654149,0.02098354,0.00763292
0.00557015,0.05864060,0.07156510,0.11111520,0.12918138,0.09478300,0.13392806,0.08246439,0.07688754,0.04714212,0.07288399,0.03535910,0.04052756,0.02023533,0.01698830,0.00272817
0.01719733,0.05960276,0.11045197,0.12002491,0.09996636,0.10714440,0.12260968,0.08201625,0.06931227,0.04750167,0.05586551,0.03231952,0.04363785,0.01018250,0.01722398,0.00494303
0.00602480,0.06676736,0.07873342,0.13842339,0.12843886,0.09041880,0.13800904,0.07949863,0.06213598,0.06387024,0.04567888,0.03907934,0.02957265,0.01198277,0.01442878,0.00693704
0.01834481,0.06493031,0.11463260,0.15386355,0.10807637,0.10296378,0.10895120,0.09463127,0.04277351,0.06339354,0.03668962,0.03390879,0.02788810,0.01511825,0.01224761,0.00158667
0.01800619,0.06717170,0.11301983,0.13967843,0.12743276,0.09624685,0.11342869,0.07391280,0.06335240,0.04723425,0.03709601,0.04458834,0.02685139,0.01674306,0.01133157,0.00390572
0.03031890,0.06421310,0.14953677,0.15905657,0.10119221,0.09996952,0.10311407,0.08009821,0.03869884,0.05219158,0.03810572,0.03596517,0.02009331,0.01530524,0.01107054,0.00107027
0.00566185,0.05989127,0.07424581,0.10354630,0.11308240,0.11255485,0.11388547,0.09883537,0.08015631,0.05472336,0.05912179,0.03245566,0.04520406,0.02215345,0.01765757,0.00682446
0.00179296,0.04925478,0.05709806,0.07403896,0.12075555,0.13715045,0.10687671,0.10271527,0.07510514,0.06541356,0.05375932,0.04726998,0.03179001,0.03049140,0.03463071,0.01185715
0.00257242,0.05746902,0.06537764,0.10045671,0.12121636,0.11241715,0.14360263,0.07856725,0.08269636,0.04899735,0.05968078,0.04859253,0.02191154,0.02159505,0.01446294,0.02038428
0.01765784,0.05737789,0.10266022,0.09663259,0.11790700,0.12520245,0.11491701,0.08832949,0.06599978,0.05457110,0.04454949,0.03834964,0.01943498,0.01951193,0.01811953,0.01877908
0.01904194,0.09189427,0.14170214,0.07477906,0.11702178,0.10546138,0.11966104,0.07151816,0.05618790,0.05205088,0.04921895,0.02839205,0.02208109,0.01985626,0.01670805,0.01442505
0.03770704,0.13306528,0.22672212,0.08257231,0.12146088,0.08604781,0.11236858,0.05134730,0.04240042,0.02979990,0.03788518,0.01163712,0.01004842,0.00157052,0.01454186,0.00082525
0.00190478,0.04375640,0.05465952,0.06959648,0.11765454,0.10238282,0.13594580,0.09471348,0.06819049,0.06506049,0.07155817,0.04636753,0.04830578,0.03710808,0.02497640,0.01781924
0.00272668,0.05138143,0.06146410,0.09646537,0.12372878,0.09993569,0.13178822,0.09110916,0.07540900,0.05803733,0.06426782,0.03914488,0.04414602,0.02905551,0.02463053,0.00670950
0.01634349,0.05157288,0.09724245,0.09773690,0.11058585,0.11012816,0.12630795,0.08650158,0.06241063,0.05517767,0.05633361,0.04154027,0.03002098,0.03211236,0.01098475,0.01500047
0.01765795,0.08353465,0.13643206,0.06846192,0.11211832,0.10954639,0.10868576,0.07984954,0.04934190,0.05709425,0.05410695,0.04003775,0.03117222,0.02402464,0.01747186,0.01046385
0.01424700,0.05100992,0.09135704,0.10928133,0.10547770,0.10524496,0.11483717,0.09222815,0.05089355,0.07641182,0.05951490,0.03726497,0.02291158,0.03537978,0.02799195,0.00594817
0.02834498,0.05844643,0.12920139,0.14466228,0.11096189,0.09106185,0.10259633,0.07587551,0.06759264,0.04768930,0.04133161,0.03731918,0.03026023,0.01882829,0.00727727,0.00855080
0.02974822,0.08985593,0.17437219,0.10796326,0.11524584,0.08227267,0.10073354,0.07522799,0.04369548,0.05148692,0.04180214,0.02852234,0.02834721,0.01831219,0.00992268,0.00249141
0.00335649,0.05941251,0.06824081,0.12641216,0.11672305,0.09280057,0.14191674,0.09765179,0.05461467,0.06391008,0.05987295,0.03599050,0.02482333,0.02453306,0.02568414,0.00405715
0.00405471,0.06660360,0.07560219,0.15568028,0.12320914,0.09455873,0.13333422,0.09086837,0.06596848,0.05036469,0.03751195,0.04730611,0.03043208,0.01286945,0.00802920,0.00360679
0.01782396,0.06604356,0.11181120,0.15279769,0.12601529,0.09567606,0.11795270,0.07491572,0.06273226,0.04561501,0.04507419,0.03351449,0.01846764,0.01205075,0.01028229,0.00922719
0.01923725,0.09778494,0.15216386,0.12674321,0.12480099,0.08921340,0.10529619,0.07446837,0.04762738,0.04438374,0.04268264,0.03648933,0.01322891,0.01085398,0.00445918,0.01056661
0.01530275,0.05813723,0.10033382,0.13955249,0.11278424,0.09525053,0.12103384,0.07270293,0.06865746,0.05907919,0.04495307,0.03242002,0.01708421,0.02896285,0.02836132,0.00538406
0.01564914,0.06607709,0.10833970,0.16074613,0.11211799,0.10482609,0.11147284,0.08923981,0.06046590,0.04618647,0.03549344,0.03884825,0.01899733,0.01750851,0.00828445,0.00574684
0.02908191,0.06554714,0.14316260,0.17053789,0.10746832,0.09927122,0.10072416,0.08161847,0.04844789,0.04278108,0.03920968,0.03147713,0.01477323,0.01125124,0.00934034,0.00530769
0.03040372,0.09679546,0.18735722,0.13121763,0.11987104,0.08737074,0.09388135,0.07638346,0.04079103,0.04653355,0.02540621,0.03086194,0.01857584,0.00631612,0.00786877,0.00036591
0.02866506,0.05815845,0.13252392,0.13727613,0.10530762,0.09417623,0.12127702,0.06819089,0.05214559,0.06165001,0.04290188,0.02362904,0.02173145,0.02999502,0.01688024,0.00549144
0.02929623,0.06585885,0.13993646,0.16285277,0.11503632,0.09644359,0.09688517,0.08205581,0.06125845,0.04669272,0.03129655,0.02009214,0.02536151,0.01225235,0.01101327,0.00366780
0.04292140,0.06640273,0.17014014,0.16794031,0.10765371,0.08758886,0.10487186,0.06357484,0.05389755,0.04139566,0.03170850,0.02694713,0.01391583,0.00556370,0.01356399,0.00191376
0.04384033,0.09839099,0.21203736,0.14004259,0.11942383,0.06752858,0.09596235,0.05724549,0.04147085,0.04096146,0.02446054,0.03248917,0.01024365,0.00399953,0.01132159,0.00058169
0.01800662,0.08339227,0.13083771,0.07454004,0.12056434,0.09444926,0.11997994,0.07565238,0.04318534,0.06447918,0.04854117,0.03733809,0.03041170,0.03548198,0.02031763,0.00282235
0.01886404,0.08980665,0.13985411,0.10378542,0.12072124,0.09407794,0.10843505,0.08217341,0.04748867,0.05342268,0.04253038,0.03033380,0.03098761,0.02812349,0.00405889,0.00533663
0.03226929,0.09005983,0.17610463,0.10309541,0.11882756,0.09145117,0.11138055,0.05681991,0.04780929,0.05321898,0.03220966,0.02443468,0.03305109,0.01420498,0.01235316,0.00270981
0.03323925,0.12385764,0.21573077,0.07162264,0.12000119,0.08631075,0.09370420,0.05779079,0.03322608,0.04784503,0.03798819,0.02595448,0.02373809,0.01548509,0.00886885,0.00463696
0.00441916,0.05854879,0.07355983,0.11531717,0.12531559,0.09932036,0.13365097,0.07909551,0.07573924,0.05822355,0.04857719,0.05603745,0.03673130,0.01681157,0.01461876,0.00403357
0.00556483,0.06558220,0.07916026,0.14070412,0.13056650,0.10320663,0.11862850,0.08545661,0.05952301,0.05780279,0.05580867,0.03784154,0.02656490,0.01438306,0.01196139,0.00724497
0.01650885,0.06571811,0.11459356,0.14205212,0.12652157,0.10869400,0.10287707,0.07010725,0.05095434,0.05897576,0.04852181,0.03008940,0.02325120,0.01561978,0.01464809,0.01086709
0.01549911,0.05889860,0.10217245,0.12283573,0.11702687,0.10163686,0.11292066,0.09485931,0.05427994,0.06341146,0.05154247,0.03204957,0.03500193,0.01419650,0.01137637,0.01229217
0.01686195,0.06341359,0.11201200,0.14905160,0.11872909,0.10779981,0.11146158,0.07609631,0.05449152,0.06274122,0.03625187,0.03435342,0.02362519,0.01481848,0.00745868,0.01083370
0.02834834,0.06624403,0.15142105,0.15675410,0.11273002,0.09067178,0.09468807,0.07973506,0.05012277,0.06019154,0.02335850,0.02622964,0.03132838,0.01232938,0.00890052,0.00694683
0.00490540,0.06745260,0.08018392,0.14140118,0.12354392,0.09861593,0.13589764,0.08833397,0.06168508,0.06005774,0.03797676,0.04531147,0.03492926,0.00942318,0.00738483,0.00289713
0.00637060,0.07359390,0.08851090,0.16832856,0.12853319,0.09657343,0.12062752,0.09164447,0.06054235,0.05621742,0.03668182,0.03474628,0.02478826,0.00605690,0.00379766,0.00298674
0.01773898,0.07348818,0.12590408,0.17258352,0.12369953,0.10313701,0.10650672,0.08296177,0.04321374,0.04141303,0.04999619,0.02644131,0.01705048,0.00739483,0.00410456,0.00436606
0.01673230,0.06777596,0.11013302,0.16008753,0.10421578,0.10602881,0.11138819,0.10658002,0.05475604,0.04075988,0.03520126,0.04555809,0.01744290,0.01274431,0.00736832,0.00322758
0.01820786,0.07199053,0.12009280,0.19186064,0.11525000,0.08911483,0.11865359,0.07887748,0.06878970,0.03701734,0.02997750,0.03743614,0.01012434,0.00885465,0.00134947,0.00240312
0.02980578,0.07470893,0.15699951,0.19470339,0.10665405,0.09263789,0.09710447,0.07493308,0.05777548,0.03431521,0.02847404,0.02429425,0.01466885,0.00557746,0.00512586,0.00222175
0.01833934,0.05148555,0.09639883,0.07165145,0.12760117,0.11253289,0.12645496,0.09321156,0.05276581,0.06145622,0.04604273,0.04546628,0.04971931,0.02591705,0.01901634,0.00194051
0.03044245,0.05888564,0.13076651,0.12048221,0.10751015,0.10599746,0.11778121,0.07269183,0.04770101,0.06297354,0.04162708,0.02850277,0.02881391,0.02433874,0.01462045,0.00686503
0.02018184,0.06686649,0.10934492,0.13435242,0.11802711,0.11565591,0.11901955,0.08808406,0.05488061,0.04509941,0.04070004,0.04112299,0.02278949,0.01448363,0.00463250,0.00475905
0.03205366,0.06628459,0.13879661,0.15491443,0.10453589,0.11020079,0.11948566,0.07581433,0.03756634,0.05321099,0.03519715,0.02614390,0.02548873,0.00780247,0.00761717,0.00488730
0.00236333,0.04636120,0.05839599,0.06398072,0.15265638,0.10031778,0.12112960,0.10065228,0.05749429,0.06050117,0.07029989,0.04173635,0.05120784,0.04059469,0.02680376,0.00550473
0.01620388,0.05538978,0.09676754,0.10861301,0.12614793,0.09177255,0.12258163,0.08120386,0.05536808,0.06273940,0.06596209,0.03534471,0.02738383,0.03344944,0.01903956,0.00203272
0.00477925,0.05926028,0.06405134,0.10127355,0.14097199,0.10771017,0.12216208,0.08001102,0.05309135,0.07062969,0.05197331,0.03335630,0.03233274,0.05657934,0.01753046,0.00428715
0.01577369,0.05501931,0.09675438,0.10385272,0.13047867,0.10975842,0.09272384,0.08953390,0.05270588,0.06151414,0.07414459,0.02379524,0.04094477,0.03055231,0.01543960,0.00700853
0.02929071,0.06378890,0.13876581,0.15891212,0.10171578,0.09809381,0.08599314,0.07893173,0.04573989,0.06939364,0.04485945,0.02894354,0.02813111,0.01045790,0.01143855,0.00554390
0.01917830,0.06915303,0.10642127,0.14463793,0.11762351,0.10948809,0.10959692,0.06036071,0.04365453,0.07095270,0.03790959,0.02590275,0.02212073,0.05307265,0.00178800,0.00813931
0.00416053,0.06399027,0.07481343,0.11963413,0.15198775,0.09832456,0.11143258,0.10231128,0.05455033,0.05588647,0.04968733,0.03935662,0.03840430,0.01763788,0.01004103,0.00778152
0.01791322,0.07109762,0.11469800,0.17117081,0.13849577,0.07678384,0.12561973,0.07304110,0.04916401,0.05044044,0.04412321,0.03530362,0.01648896,0.00589896,0.00563214,0.00412855
0.00610961,0.07862891,0.08128372,0.17126129,0.13121157,0.12658034,0.11045928,0.05521395,0.05475514,0.05462182,0.03295583,0.04003012,0.03100295,0.01100750,0.00519984,0.00967813
0.01679183,0.06143369,0.10972814,0.14369930,0.12362804,0.10525390,0.11405526,0.07371900,0.05601940,0.05792822,0.04141267,0.02953998,0.03042263,0.01637562,0.01184398,0.00814834
0.02994173,0.07189234,0.15269923,0.18430081,0.10767574,0.09103787,0.10516450,0.07188876,0.04116004,0.04403974,0.04407551,0.02831049,0.01360435,0.00520135,0.00086570,0.00814186
0.02023267,0.07834673,0.11814374,0.18291783,0.11494972,0.12138439,0.09697073,0.06310325,0.04561774,0.04905656,0.02656243,0.02710254,0.02926685,0.00429366,0.00780631,0.01424486
0.03166749,0.06448347,0.14267365,0.13729973,0.11978261,0.09417241,0.10754996,0.07087707,0.04601464,0.05338858,0.04382500,0.02806818,0.02593936,0.01565664,0.01137039,0.00723082
0.04429896,0.07238943,0.18212980,0.18714190,0.10739950,0.08234968,0.09398655,0.05415620,0.04901978,0.04253354,0.02482248,0.02459159,0.01612680,0.01114312,0.00019537,0.00771529
0.03549773,0.07773065,0.15282897,0.18746599,0.11323609,0.10100082,0.09403791,0.05056989,0.05476925,0.03300050,0.02750427,0.01590585,0.01785887,0.01680903,0.01433109,0.00745309
0.01999161,0.08998196,0.13843102,0.06997241,0.15033702,0.08171340,0.12153519,0.07378205,0.03324640,0.05546926,0.04589496,0.03992582,0.02128659,0.04932076,0.00383833,0.00527322
0.03332784,0.09783924,0.18095122,0.11620356,0.12826745,0.08558920,0.09566631,0.05699026,0.04448247,0.04332620,0.03600195,0.02930416,0.02811567,0.01956713,0.00068374,0.00368360
0.02284283,0.10492567,0.15103212,0.10833838,0.12486150,0.10569005,0.11434925,0.03609221,0.03932734,0.06655574,0.02376163,0.02403573,0.03810355,0.00880590,0.02317483,0.00810328
0.00195298,0.05253746,0.05936082,0.06988921,0.13578808,0.10652961,0.15572772,0.10054209,0.05965015,0.04854310,0.06247112,0.04757063,0.02695187,0.02245922,0.03731550,0.01271042
0.01713868,0.06095143,0.10243704,0.11140141,0.11944665,0.09560034,0.14233864,0.07961546,0.04263549,0.06796804,0.04080898,0.02219580,0.02387760,0.02469112,0.01582062,0.03307272
