0.00000000,0.00000000,0.00000000,0.00000000,0.06746765,0.00000000,0.00000000,0.00000000,0.00000000,0.93237831,0.00000000,0.00015404,0.00000000,0.00000000,0.00000000,0.00000000
0.00000000,0.00000000,0.00000000,0.00000000,0.17384596,0.00000000,0.00000000,0.14665038,0.58306545,0.01272984,0.00000000,0.00000000,0.00000000,0.00000000,0.08370837,0.00000000
0.00000000,0.00000000,0.00000000,0.24598727,0.00000000,0.00000000,0.00000000,0.28863140,0.25633963,0.00000000,0.00000000,0.16962675,0.00626840,0.00000000,0.03314655,0.00000000
0.00000000,0.00000000,0.00000000,0.35496508,0.00000000,0.00000000,0.00000000,0.00000000,0.60347471,0.00000000,0.00000000,0.00000000,0.04156021,0.00000000,0.00000000,0.00000000
0.00000000,0.00000000,0.00000000,0.02009274,0.03072536,0.04695411,0.00306454,0.01399030,0.24950701,0.29611469,0.17795662,0.16127485,0.00000000,0.00000000,0.00031978,0.00000000
0.00000000,0.00000000,0.00000000,0.06652453,0.01526981,0.07055807,0.07721340,0.12250425,0.22651186,0.23512634,0.08055548,0.02947362,0.02448933,0.03284451,0.00000000,0.01892881
0.00000000,0.00000000,0.00000000,0.09031161,0.00000000,0.08200634,0.11545630,0.09904195,0.18209463,0.22767551,0.04371710,0.10188667,0.04054540,0.00680116,0.00212536,0.00833797
0.00000000,0.00000000,0.00000000,0.08529447,0.00000000,0.09405487,0.20535181,0.00000000,0.35710588,0.00549516,0.14884721,0.10154103,0.00000000,0.00000000,0.00230956,0.00000000
0.00000000,0.00000000,0.00000000,0.05059809,0.00000000,0.00000000,0.00000000,0.94940191,0.00000000,0.00000000,0.00000000,0.00000000,0.00000000,0.00000000,0.00000000,0.00000000
0.00000000,0.00000000,0.00000000,0.06931749,0.01946222,0.00000000,0.07000305,0.10176722,0.15565966,0.33047684,0.22547227,0.00651280,0.00000000,0.00000000,0.02132846,0.00000000
0.00000000,0.00000000,0.00000000,0.11147324,0.01667375,0.03013556,0.10429361,0.24056492,0.22100987,0.09064286,0.00023617,0.11199282,0.00000000,0.00000000,0.07297719,0.00000000
0.00000000,0.00000000,0.19425259,0.00000000,0.00000000,0.00000000,0.60736310,0.00000000,0.00000000,0.17026394,0.00000000,0.02812037,0.00000000,0.00000000,0.00000000,0.00000000
0.00000000,0.00000000,0.00000000,0.00000000,0.11536910,0.00440624,0.02460670,0.00000000,0.17085053,0.00000000,0.34114252,0.00000000,0.00000000,0.00000000,0.30353430,0.04009061
0.00000000,0.00000000,0.00000000,0.02907867,0.02957726,0.01506464,0.05326044,0.07729976,0.11811318,0.23457032,0.33767228,0.09535596,0.00726522,0.00103280,0.00142455,0.00028491
0.00000000,0.00000000,0.00000000,0.04851245,0.04879472,0.01731243,0.07308858,0.12139403,0.18285316,0.27171111,0.16497620,0.01514838,0.02367287,0.01994693,0.00000000,0.01258915
0.00000000,0.00000000,0.00000000,0.05471841,0.05125366,0.02710294,0.05929024,0.14400230,0.18176600,0.15160834,0.21506038,0.07474834,0.02242860,0.00781106,0.00342374,0.00678599
0.00000000,0.00000000,0.00000000,0.04866067,0.05357308,0.00713690,0.09238576,0.17114654,0.14702475,0.16426453,0.19383168,0.11430624,0.00442580,0.00067198,0.00136713,0.00120493
0.00000000,0.00000000,0.00000000,0.17756483,0.00172425,0.00646595,0.08558260,0.41869487,0.14487035,0.04038729,0.02118841,0.09576232,0.00029843,0.00003316,0.00000000,0.00742755
0.00000000,0.00000000,0.00000000,0.05634607,0.02284399,0.05667740,0.07994478,0.10324896,0.19173493,0.18085596,0.22302807,0.03086977,0.00460193,0.04636908,0.00347906,0.00000000
0.00000000,0.00000000,0.00000000,0.05855028,0.02427405,0.05857004,0.10381704,0.14430014,0.14503153,0.20105161,0.14544664,0.06497460,0.02413568,0.02433335,0.00551503,0.00000000
0.00000000,0.00000000,0.00000000,0.04075495,0.04290940,0.01303889,0.06674297,0.03961040,0.28497049,0.20155300,0.20229359,0.04513117,0.02351938,0.01748244,0.02170156,0.00029175
0.00000000,0.00000000,0.00000000,0.06159354,0.05676777,0.00485172,0.07217912,0.16573697,0.13673041,0.20929871,0.16781257,0.04776483,0.02667151,0.04869886,0.00168643,0.00020756
0.00000000,0.00000000,0.00000000,0.07087224,0.03806102,0.00776712,0.01574939,0.04430053,0.10275829,0.14137872,0.19411334,0.06045871,0.06751581,0.20773269,0.00000000,0.04929214
0.00000000,0.00000000,0.00000000,0.09967307,0.07383781,0.06530580,0.08207745,0.23924195,0.21829732,0.07607049,0.01281131,0.06549185,0.02602132,0.00154161,0.02144965,0.01818037
0.00000000,0.00000000,0.00000000,0.10137229,0.07407407,0.04621514,0.09679799,0.31173085,0.12678176,0.05976096,0.05745905,0.01744135,0.05837391,0.00911908,0.00333481,0.03753873
0.00000000,0.00000000,0.00000000,0.18003367,0.02194835,0.02966680,0.13734396,0.19394594,0.10735953,0.07772449,0.09106502,0.05733253,0.03722644,0.03293841,0.01111711,0.02229775
0.00000000,0.00000000,0.00000000,0.07489802,0.07982429,0.01550047,0.13473486,0.10781299,0.27819266,0.16460621,0.07279573,0.01923439,0.01945403,0.01590838,0.01697521,0.00006275
0.00000000,0.00000000,0.00000000,0.12219451,0.06640615,0.07553282,0.14278736,0.18361313,0.15075713,0.11728411,0.03146772,0.06239556,0.03049078,0.00321362,0.00056560,0.01329151
0.00000000,0.00000000,0.00000000,0.12433628,0.04739719,0.13279542,0.15320146,0.09734513,0.06106195,0.20752212,0.09224362,0.01361270,0.06262363,0.00000000,0.00786049,0.00000000
0.00000000,0.00000000,0.00000000,0.03713186,0.04530373,0.02648179,0.02885758,0.01216565,0.03022980,0.28210380,0.13187646,0.08966534,0.00000000,0.02048089,0.02556015,0.27014296
0.00000000,0.00000000,0.00000000,0.04850534,0.00645725,0.08909105,0.07285296,0.14046416,0.00351350,0.20934782,0.16724275,0.03369165,0.00000000,0.19905420,0.00683709,0.02294223
0.00000000,0.00000000,0.00000000,0.07347907,0.00000000,0.14757014,0.06984528,0.07707461,0.20572991,0.04867367,0.08598696,0.14560024,0.06114331,0.06120068,0.01887659,0.00481955
0.00000000,0.00000000,0.00000000,0.07687127,0.00000000,0.13316299,0.02994830,0.18779092,0.17759027,0.13433161,0.06508606,0.02792798,0.05347911,0.10529443,0.00851704,0.00000000
0.00000000,0.00000000,0.00000000,0.03291304,0.03354878,0.02141665,0.05270059,0.08493815,0.09552065,0.23076210,0.41259834,0.02234378,0.00437075,0.00670181,0.00188074,0.00030463
0.00000000,0.00000000,0.00000000,0.03880090,0.05562669,0.01830100,0.07550032,0.10617363,0.13382693,0.22373146,0.27617112,0.03900966,0.01265065,0.00995073,0.00204582,0.00821109
0.00000000,0.00000000,0.00000000,0.04027611,0.06338414,0.01749396,0.07385682,0.11990994,0.13870743,0.15525337,0.28871706,0.07403457,0.01420551,0.00394022,0.00188123,0.00833963
0.00000000,0.00000000,0.00000000,0.03466325,0.07157905,0.00563946,0.08468918,0.10306605,0.14763078,0.21370001,0.25350036,0.07422052,0.00119920,0.00768134,0.00000000,0.00243080
0.00000000,0.00000000,0.00000000,0.11012252,0.04161110,0.00552175,0.10814302,0.20615936,0.11699867,0.22522504,0.14469078,0.03323471,0.00010418,0.00366728,0.00000000,0.00452159
0.00000000,0.00000000,0.00000000,0.25080735,0.00046973,0.00000000,0.33016264,0.13795432,0.11341084,0.10724561,0.05325583,0.00000000,0.00000000,0.00000000,0.00669368,0.00000000
0.00000000,0.00000000,0.00000000,0.04475504,0.03330979,0.03585466,0.11208080,0.13752948,0.14111361,0.12075467,0.25435359,0.08135584,0.00342425,0.03317656,0.00085273,0.00143898
0.00000000,0.00000000,0.00000000,0.03564014,0.04579814,0.02131436,0.05952173,0.10170673,0.13647529,0.30664152,0.15368524,0.08101041,0.00373992,0.03454669,0.01991981,0.00000000
0.00000000,0.00000000,0.00000000,0.05060981,0.05705010,0.00472054,0.04169518,0.12308502,0.16309555,0.24859173,0.14435378,0.08691761,0.01282794,0.05508467,0.01196806,0.00000000
0.00000000,0.00000000,0.00000000,0.06658967,0.07857220,0.02477713,0.14370015,0.10822175,0.19570867,0.18031544,0.11147003,0.03360162,0.01542931,0.01380518,0.02004909,0.00775977
0.00000000,0.00000000,0.00000000,0.08748688,0.05938731,0.04241668,0.06689241,0.17554803,0.19081566,0.13738886,0.12932929,0.04932771,0.03532743,0.01138636,0.00005941,0.01463395
0.00000000,0.00000000,0.00000000,0.11308052,0.05097143,0.03505455,0.09610390,0.12041558,0.07711169,0.18776104,0.20313766,0.05207273,0.02551688,0.00839481,0.02173506,0.00864416
0.00000000,0.00000000,0.00000000,0.06947176,0.05337119,0.02190003,0.07247288,0.10883098,0.20348778,0.24475312,0.15271216,0.02007503,0.00867890,0.02131197,0.02293420,0.00000000
0.00000000,0.00000000,0.00000000,0.10209051,0.08516451,0.04705626,0.16464742,0.16993309,0.26002692,0.06772380,0.04515580,0.00653284,0.00011878,0.01217484,0.01272914,0.02664608
0.00000000,0.00000000,0.00000000,0.12068738,0.07240365,0.05502151,0.12744711,0.27060838,0.18132736,0.04117286,0.05539461,0.00017558,0.04053639,0.00105346,0.00533316,0.02883856
0.00000000,0.00000000,0.00000000,0.19685767,0.03298932,0.12122612,0.04166667,0.26309304,0.00397926,0.08964880,0.07624769,0.06063873,0.08315362,0.00783015,0.02266893,0.00000000
0.00000000,0.00000000,0.01824818,0.12335201,0.05400894,0.03140384,0.10640525,0.25292820,0.09095796,0.24913710,0.01872913,0.01307079,0.00984553,0.01722967,0.01468342,0.00000000
0.00000000,0.00000000,0.00000000,0.02563074,0.03626008,0.02288984,0.04246387,0.08146484,0.12555988,0.28112256,0.28256655,0.09220114,0.00517428,0.00106962,0.00338267,0.00021392
0.00000000,0.00000000,0.00000000,0.03455832,0.04156489,0.03732187,0.06719053,0.11666923,0.13747959,0.22584337,0.19527684,0.10536380,0.01605092,0.01177998,0.00286125,0.00803942
0.00000000,0.00000000,0.00000000,0.05754648,0.02734868,0.03500571,0.06498093,0.13051091,0.17312915,0.17477630,0.20653222,0.10086216,0.01656057,0.00531244,0.00020775,0.00722670
0.00000000,0.00000000,0.00000000,0.05372970,0.02798085,0.02801320,0.08171055,0.13573138,0.15070842,0.17648962,0.21731254,0.11428479,0.01041599,0.00029113,0.00266869,0.00066313
0.00000000,0.00000000,0.00000000,0.07692084,0.01253923,0.05380391,0.08754214,0.14401953,0.18056201,0.21004301,0.10942404,0.05117401,0.02843485,0.01893235,0.00187435,0.02472975
0.00000000,0.00000000,0.00000000,0.08174235,0.01760055,0.05443276,0.09410778,0.20009942,0.14838519,0.16300312,0.07501592,0.10238765,0.02777562,0.01287807,0.00599630,0.01657527
0.00000000,0.00000000,0.00000000,0.08511219,0.01557888,0.04699258,0.09429230,0.22042488,0.19378893,0.13845235,0.04745329,0.11705486,0.01334357,0.01387254,0.00126269,0.01237096
0.00000000,0.00000000,0.00000000,0.09476880,0.02858660,0.04187613,0.13083802,0.16733861,0.15187563,0.16115010,0.08338725,0.06379307,0.04003451,0.02063942,0.00280391,0.01290794
0.00000000,0.00000000,0.00000000,0.09126868,0.04085482,0.01858702,0.07802886,0.23331746,0.19612511,0.13834969,0.06768239,0.07497070,0.05081673,0.00036625,0.00208761,0.00754468
0.00000000,0.00000000,0.00000000,0.08782362,0.02701322,0.03851734,0.13727293,0.28560044,0.14695846,0.06379370,0.04293100,0.16397965,0.00136905,0.00000000,0.00000000,0.00474060
0.00000000,0.00000000,0.00000000,0.04126093,0.03855147,0.05044837,0.07058370,0.12262750,0.14104363,0.18128679,0.26225450,0.04124718,0.01081036,0.03188095,0.00800462,0.00000000
0.00000000,0.00000000,0.00000000,0.04304943,0.04255628,0.04869169,0.06637271,0.12014098,0.13470353,0.28070608,0.18027675,0.03640636,0.01209677,0.02813878,0.00646902,0.00039162
0.00000000,0.00000000,0.00000000,0.04114984,0.03531456,0.02790090,0.04840407,0.08477089,0.18256752,0.20495201,0.24034629,0.09046268,0.01741016,0.00819489,0.01761742,0.00090877
0.00000000,0.00000000,0.00000000,0.05396487,0.03570306,0.03622682,0.04277384,0.15789657,0.08724117,0.21280422,0.22626488,0.06402109,0.05382520,0.01365271,0.00483606,0.01078948
0.00000000,0.00000000,0.00000000,0.05774008,0.03074513,0.03487507,0.01748501,0.07612703,0.08910233,0.16255518,0.14285488,0.19527826,0.09954586,0.04155261,0.05213855,0.00000000
0.00000000,0.00000000,0.00000000,0.05304995,0.04396285,0.04615513,0.08310602,0.11578947,0.22475107,0.20425069,0.11033386,0.04319304,0.03020668,0.00947201,0.02296042,0.01276881
0.00000000,0.00000000,0.00000000,0.05972487,0.04440203,0.04600454,0.10454103,0.10356873,0.21315136,0.17928265,0.12863265,0.03631748,0.05320681,0.00381721,0.01834780,0.00900284
0.00000000,0.00000000,0.00000000,0.09946725,0.02980587,0.05289179,0.10883077,0.20813658,0.11054607,0.15907898,0.08342414,0.06312306,0.03057271,0.02133027,0.02147153,0.01132098
0.00000000,0.00000000,0.00000000,0.10355941,0.01190581,0.04919072,0.06197714,0.12597968,0.10068863,0.02411103,0.10135790,0.17333873,0.07839166,0.11491925,0.04801071,0.00656933
0.00000000,0.00000000,0.00000000,0.06276067,0.04486041,0.03366526,0.07441480,0.16351699,0.26261699,0.14735288,0.11879627,0.04947018,0.00508870,0.01043683,0.02426613,0.00275389
0.00000000,0.00000000,0.00000000,0.10075533,0.02331175,0.05415430,0.10887061,0.27346911,0.09441597,0.11759284,0.08998741,0.05165902,0.06098822,0.00011240,0.01285856,0.01182448
0.00000000,0.00000000,0.00479635,0.09610248,0.01109400,0.06500419,0.06516017,0.14287664,0.06492620,0.07167229,0.07888631,0.19253641,0.09214451,0.03811734,0.07668311,0.00000000
0.00000000,0.00000000,0.00000000,0.09031911,0.04017569,0.06620653,0.08856221,0.17929365,0.19062388,0.12517031,0.10023306,0.07018645,0.02199713,0.00272499,0.01833991,0.00616708
0.00000000,0.00000000,0.00000000,0.09415291,0.03867955,0.05485848,0.08456469,0.17967834,0.23632381,0.08544857,0.09870684,0.03545145,0.06285187,0.00441942,0.02248141,0.00238265
0.00000000,0.00000000,0.00000000,0.09999119,0.05317593,0.09486389,0.14145009,0.14321205,0.18780724,0.09812351,0.03844595,0.04616333,0.03062285,0.00766452,0.03078143,0.02769800
0.00000000,0.00000000,0.00000000,0.10845138,0.05935230,0.07048838,0.15833300,0.27071712,0.09558971,0.06232192,0.04101288,0.03744131,0.02670653,0.00780529,0.03655845,0.02522172
0.00000000,0.00000000,0.00000000,0.10432397,0.06428234,0.07304381,0.18011165,0.15914467,0.15800927,0.07474690,0.04166903,0.03968209,0.04853818,0.02726843,0.01258397,0.01659570
0.00000000,0.00000000,0.00000000,0.11105855,0.06408490,0.07628077,0.17113300,0.21584435,0.10124838,0.07580775,0.01916788,0.03961088,0.06982292,0.02303437,0.01108529,0.02182095
0.00000000,0.00000000,0.00000000,0.06898663,0.06828679,0.06588985,0.14243474,0.13326685,0.16608930,0.15148016,0.09914970,0.05129820,0.03208762,0.00258940,0.00764574,0.01079502
0.00000000,0.00000000,0.00000000,0.05672265,0.05831549,0.05960745,0.07617295,0.12675433,0.21239580,0.15206272,0.12376334,0.07700476,0.03559103,0.00153974,0.01854769,0.00152204
0.00000000,0.00000000,0.00000000,0.10630043,0.03623526,0.06777623,0.08531192,0.18907123,0.09836670,0.18014820,0.07929857,0.07506983,0.03274364,0.03590549,0.01191030,0.00186220
0.00000000,0.00000000,0.00000000,0.06797175,0.05886731,0.09402153,0.07399522,0.17587496,0.09149444,0.16602624,0.17298439,0.03634853,0.04233738,0.01325856,0.00069235,0.00612732
0.00000000,0.00000000,0.00000000,0.05738256,0.02364070,0.03377243,0.03057856,0.02215838,0.15706470,0.12355206,0.24053302,0.08357529,0.01937712,0.02331978,0.02938659,0.15565879
0.00000000,0.00000000,0.00000000,0.07843728,0.02403084,0.04284309,0.06852357,0.08652687,0.14313813,0.15422562,0.08072140,0.04717340,0.02488738,0.01700400,0.03871899,0.19376943
0.00000000,0.00000000,0.00000000,0.09056610,0.02152445,0.04673482,0.07617011,0.10004173,0.07258850,0.14974963,0.07408373,0.06805063,0.07507476,0.00438139,0.20686418,0.01416997
0.00000000,0.00000000,0.00473663,0.08684434,0.01902024,0.05254525,0.09218917,0.03446496,0.14775701,0.09510118,0.09775517,0.02659516,0.08787644,0.00816469,0.06382469,0.18312507
0.00000000,0.00000000,0.00000000,0.04925586,0.05411397,0.02517736,0.04790638,0.13772363,0.24708899,0.18316240,0.14753624,0.04842690,0.00082896,0.03603100,0.02168800,0.00106030
0.00000000,0.00000000,0.00000000,0.08796795,0.03601430,0.03737130,0.05264292,0.19051824,0.17100332,0.20354974,0.04611640,0.05542153,0.06746220,0.02869082,0.00000000,0.02324129
0.00000000,0.00000000,0.00000000,0.06950158,0.05031646,0.02339794,0.03140823,0.06760285,0.15187896,0.11892801,0.10822785,0.17298259,0.09155459,0.04810127,0.05840585,0.00769383
0.00000000,0.00000000,0.00000000,0.11072048,0.04482505,0.05093000,0.06912607,0.19170012,0.18903960,0.04886334,0.10632587,0.00116398,0.09689527,0.00524978,0.05318669,0.03197377
0.00000000,0.00000000,0.00000000,0.12365865,0.02022258,0.02391752,0.06580083,0.09120074,0.13498684,0.05630905,0.14516450,0.03566608,0.22576720,0.00019913,0.03124101,0.04586588
0.00000000,0.00000000,0.00000000,0.14002901,0.00286024,0.00727317,0.00492369,0.08537806,0.21288332,0.00085807,0.00000000,0.26984289,0.00000000,0.03722394,0.23872760,0.00000000
0.00000000,0.00000000,0.00000000,0.12365623,0.04019962,0.08925577,0.04923368,0.24429453,0.06073338,0.21484506,0.05440164,0.01753555,0.03990374,0.05069333,0.01524745,0.00000000
0.00000000,0.00000000,0.00000000,0.07654213,0.03901991,0.03418735,0.03380794,0.09311660,0.17209497,0.10699523,0.09932704,0.12834235,0.02330411,0.01170198,0.15943447,0.02212593
0.00000000,0.00000000,0.00000000,0.08865713,0.04984410,0.03440490,0.05063972,0.13491022,0.03193205,0.13108268,0.12611547,0.02591119,0.04304913,0.10244060,0.01171917,0.16929362
0.00000000,0.00000000,0.00000000,0.08399919,0.07469612,0.00550035,0.00801286,0.03091967,0.19848797,0.15754091,0.06408022,0.00366690,0.21145793,0.00253514,0.00679056,0.15231218
0.00000000,0.00000000,0.00000000,0.07238585,0.10340836,0.01232154,0.00720257,0.11464952,0.19542122,0.00000000,0.00030868,0.34664952,0.14482315,0.00282958,0.00000000,0.00000000
0.00000000,0.00000000,0.00000000,0.03357844,0.04602618,0.03082296,0.02833982,0.10515692,0.17026321,0.32287211,0.13479438,0.07443008,0.00849073,0.02055398,0.02342160,0.00124958
0.00000000,0.00000000,0.00000000,0.07105242,0.04214873,0.02946222,0.07661773,0.14539615,0.20597622,0.20874890,0.09971675,0.04934972,0.03255406,0.00955478,0.02942233,0.00000000
0.00000000,0.00000000,0.00000000,0.12273727,0.04932284,0.03837693,0.13259654,0.33039146,0.08822984,0.06652355,0.08661313,0.02380006,0.00193475,0.02788158,0.02756354,0.00402852
0.00000000,0.00000000,0.00000000,0.06339119,0.07641416,0.05266640,0.12859307,0.10399220,0.13204032,0.20904643,0.13054303,0.02197190,0.05447708,0.00100980,0.02024827,0.00560614
0.00000000,0.00000000,0.00000000,0.07974621,0.06094013,0.06314849,0.12224832,0.07832656,0.07627594,0.29255468,0.12974972,0.02274958,0.04565690,0.02054122,0.00806225,0.00000000
0.00000000,0.00000000,0.00000000,0.03764797,0.06553309,0.02174267,0.05330920,0.03150551,0.03162755,0.38146280,0.18659236,0.11745922,0.00000000,0.05251597,0.02060367,0.00000000
0.00000000,0.00000000,0.00000000,0.04118762,0.03077318,0.04674388,0.06418202,0.11623997,0.08486843,0.23994529,0.15765554,0.05651722,0.02010229,0.07478167,0.06700289,0.00000000
0.00000000,0.00000000,0.00000000,0.06943037,0.02815907,0.05587287,0.07709197,0.16513128,0.14005834,0.15499770,0.11790266,0.03107631,0.06027944,0.03061569,0.05561185,0.01377246
0.00000000,0.00000000,0.00000000,0.08147009,0.02167894,0.05854448,0.09555574,0.15283737,0.08895005,0.15277261,0.13886505,0.07837772,0.01767992,0.01434469,0.06408160,0.03484174
0.00000000,0.00000000,0.00000000,0.09698113,0.00317220,0.05576018,0.08346404,0.18472763,0.07835328,0.14902279,0.14202633,0.05005023,0.00608005,0.07542781,0.07493435,0.00000000
0.00000000,0.00000000,0.00000000,0.05336050,0.03680378,0.06465953,0.08580425,0.11898893,0.11156548,0.16794665,0.15049228,0.06956100,0.05538378,0.03557842,0.04804582,0.00180956
0.00000000,0.00000000,0.00000000,0.05551989,0.03841889,0.06678437,0.06900225,0.13931771,0.14350541,0.19137946,0.12026148,0.05201798,0.03030613,0.01653194,0.07330668,0.00364782
0.00000000,0.00000000,0.00000000,0.05509268,0.03336875,0.08011575,0.07653703,0.12735203,0.15231918,0.12220762,0.13155982,0.09536724,0.01863450,0.09998043,0.00746498,0.00000000
0.00000000,0.00000000,0.00000000,0.04526967,0.00000000,0.06034143,0.11075291,0.10550228,0.16385772,0.04507924,0.17824934,0.26850303,0.00000000,0.02054003,0.00000000,0.00190437
0.00000000,0.00000000,0.00000000,0.05374275,0.03599802,0.05150232,0.16117327,0.17537180,0.06405146,0.10392556,0.16804574,0.12285235,0.01652143,0.03213569,0.01467961,0.00000000
0.00000000,0.00000000,0.00000000,0.05486675,0.05844408,0.02055887,0.22015660,0.12078155,0.07406077,0.11036563,0.22469650,0.05557072,0.00646505,0.05358810,0.00035917,0.00008620
0.00000000,0.00000000,0.00000000,0.03071887,0.06005711,0.00072169,0.06178289,0.07800521,0.06522399,0.09658087,0.50475374,0.08737671,0.00348294,0.00913094,0.00000000,0.00216507
0.00000000,0.00000000,0.00000000,0.03335446,0.06773622,0.02241481,0.06085113,0.10100326,0.12562567,0.26899958,0.25338244,0.04241437,0.00714738,0.00695067,0.00231689,0.00780311
0.00000000,0.00000000,0.00000000,0.03321877,0.07620777,0.02018414,0.06813871,0.08974816,0.11379441,0.13184060,0.40100461,0.03962115,0.01337946,0.00418396,0.00088507,0.00779319
0.00000000,0.00000000,0.00000000,0.05459358,0.05219413,0.00152130,0.08312720,0.08307772,0.16760253,0.07091971,0.41819621,0.05837827,0.00152130,0.00659229,0.00000000,0.00227576
0.00000000,0.00000000,0.00000000,0.07918805,0.05774223,0.00229399,0.10937217,0.10633867,0.17180803,0.20629339,0.24511017,0.01468458,0.00060368,0.00344099,0.00000000,0.00312406
0.00000000,0.00000000,0.00450547,0.15367137,0.03664576,0.00858369,0.19418173,0.08164216,0.18068475,0.17452858,0.16068203,0.00050492,0.00031072,0.00007768,0.00398112,0.00000000
0.00000000,0.00000000,0.01005418,0.30606602,0.00000000,0.00000000,0.34242864,0.00000000,0.28883427,0.05219796,0.00000000,0.00000000,0.00000000,0.00041892,0.00000000,0.00000000
0.00000000,0.00000000,0.00000000,0.02674222,0.04313705,0.02511121,0.04436560,0.08296971,0.09858081,0.25052955,0.32236814,0.09310527,0.00368566,0.00574031,0.00057191,0.00309257
0.00000000,0.00000000,0.00000000,0.04506421,0.03845099,0.03097136,0.06596769,0.11158026,0.11250151,0.27726171,0.23776883,0.04179599,0.01464121,0.01232713,0.00470493,0.00696417
0.00000000,0.00000000,0.00000000,0.05455864,0.03615373,0.02950080,0.07146721,0.12371229,0.10952014,0.19780384,0.27263205,0.06951047,0.01660931,0.01164838,0.00131217,0.00557097
0.00000000,0.00000000,0.00000000,0.05596077,0.03062934,0.02749988,0.07217486,0.12722389,0.10493569,0.23288650,0.24783155,0.08147701,0.00840274,0.00694889,0.00088709,0.00314179
0.00000000,0.00000000,0.00000000,0.03664910,0.04906393,0.03254758,0.06107081,0.10940704,0.14065360,0.23046815,0.22981764,0.08055304,0.01186355,0.00680280,0.00255794,0.00854484
0.00000000,0.00000000,0.00000000,0.05377030,0.04943859,0.03622685,0.08858364,0.12710174,0.17290396,0.21012254,0.17110288,0.03488173,0.02008549,0.01830721,0.00127672,0.01619835
0.00000000,0.00000000,0.00000000,0.06818455,0.04231149,0.04320200,0.08032684,0.13169992,0.17527498,0.17859636,0.16551542,0.06943609,0.02436882,0.00984380,0.00105899,0.01018075
0.00000000,0.00000000,0.00000000,0.06547504,0.04113953,0.03273107,0.08074438,0.18506339,0.15881921,0.16672470,0.15509214,0.08430379,0.01049767,0.00661585,0.00055455,0.01223869
0.00000000,0.00000000,0.00000000,0.04375833,0.04568152,0.03471007,0.06077739,0.11385043,0.11922609,0.19960609,0.24166136,0.11292359,0.01576783,0.00242136,0.00390430,0.00571164
0.00000000,0.00000000,0.00000000,0.06299996,0.04270757,0.03552368,0.10026265,0.14695194,0.13549849,0.17009870,0.20357156,0.04394286,0.02957508,0.01140548,0.00337007,0.01409194
0.00000000,0.00000000,0.00000000,0.07317601,0.04442238,0.03767629,0.10164961,0.13279619,0.17290362,0.16194440,0.15098518,0.07898019,0.02811720,0.01141744,0.00075098,0.00518049
0.00000000,0.00000000,0.00000000,0.06960029,0.04421004,0.03433376,0.10427697,0.14541439,0.13294560,0.18235439,0.18785493,0.06473073,0.02573318,0.00337439,0.00197525,0.00319607
0.00000000,0.00000000,0.00000000,0.04534199,0.04051414,0.02729976,0.06501425,0.12144288,0.14163774,0.20601740,0.23579330,0.10177063,0.00650765,0.00437991,0.00074658,0.00353379
0.00000000,0.00000000,0.00000000,0.06409594,0.04077070,0.03278455,0.08618061,0.15849530,0.18848858,0.17150832,0.15578156,0.05766050,0.02002998,0.01181123,0.00214515,0.01024760
0.00000000,0.00000000,0.00000000,0.06985967,0.04425961,0.03366980,0.10905160,0.13948524,0.18238154,0.13495462,0.18163791,0.07481719,0.01761296,0.00758775,0.00145971,0.00322239
0.00000000,0.00000000,0.00000000,0.06565702,0.04269419,0.03445914,0.10449428,0.18063498,0.15977186,0.14461222,0.16353943,0.08891768,0.00838396,0.00485466,0.00056588,0.00141470
0.00000000,0.00000000,0.00000000,0.09621328,0.01650314,0.03326132,0.11951271,0.13816125,0.13891139,0.17950911,0.16480631,0.10189936,0.00495094,0.00132025,0.00067513,0.00427581
0.00000000,0.00000000,0.00342153,0.12041563,0.01080067,0.04550471,0.12211851,0.24833654,0.16462742,0.12197660,0.08947999,0.02495979,0.02302040,0.01121062,0.00031535,0.01381224
0.00000000,0.00000000,0.00000000,0.13728191,0.01445431,0.04205353,0.13320069,0.25466789,0.14138013,0.10352685,0.08868143,0.05652484,0.01800837,0.00726116,0.00170051,0.00125837
0.00000000,0.00000000,0.00000000,0.14042083,0.01828972,0.03637351,0.14384664,0.30150885,0.12707327,0.05878168,0.06722453,0.09350781,0.00980943,0.00155378,0.00117938,0.00043057
0.00000000,0.00000000,0.00000000,0.03552136,0.04880231,0.03583783,0.07994762,0.07938015,0.14793474,0.22204398,0.26760517,0.04756916,0.00655863,0.02035249,0.00844655,0.00000000
0.00000000,0.00000000,0.00000000,0.04539659,0.04812859,0.03722339,0.06276751,0.11374192,0.08339404,0.30336490,0.22319233,0.04408751,0.01600492,0.01414944,0.00486067,0.00368819
0.00000000,0.00000000,0.00000000,0.03892097,0.04461074,0.03679665,0.07583505,0.11098776,0.15471247,0.16987094,0.27372781,0.05751679,0.00744046,0.02186236,0.00629824,0.00141977
0.00000000,0.00000000,0.00000000,0.03752762,0.04833177,0.02368366,0.05561999,0.08353985,0.12916143,0.24607816,0.26666097,0.07485991,0.01804353,0.00656794,0.00434607,0.00557909
0.00000000,0.00000000,0.00000000,0.05982594,0.03608838,0.02905310,0.05353327,0.15344729,0.08489239,0.15028141,0.33654698,0.02676012,0.03720882,0.01938611,0.00418208,0.00879410
0.00000000,0.00000000,0.00000000,0.05363276,0.03718026,0.02179657,0.03098355,0.07766302,0.09201393,0.14336496,0.21860214,0.16268764,0.03698811,0.07074577,0.05363276,0.00070854
0.00000000,0.00000000,0.00000000,0.04114981,0.06215005,0.03325250,0.06222623,0.13925674,0.19560442,0.18213329,0.17560722,0.05703330,0.01745788,0.01446147,0.00754180,0.01212529
0.00000000,0.00000000,0.00000000,0.05526647,0.05473935,0.03895279,0.05040075,0.13575358,0.18543798,0.20819874,0.14102477,0.07960858,0.01711111,0.01897631,0.00646059,0.00806899
0.00000000,0.00000000,0.00000000,0.07721300,0.04399074,0.04713398,0.06724487,0.18494157,0.11299641,0.16731908,0.16564560,0.06549862,0.02594624,0.02146422,0.01280577,0.00779988
0.00000000,0.00000000,0.00000000,0.07701296,0.03824092,0.03136286,0.05879541,0.11662152,0.10452518,0.08851179,0.16387827,0.09195082,0.11007542,0.06633737,0.01436690,0.03832059
0.00000000,0.00000000,0.00000000,0.06039035,0.04755375,0.02501678,0.06825276,0.14053155,0.20357674,0.18007702,0.17778685,0.06364326,0.00854801,0.01012341,0.01047350,0.00402602
0.00000000,0.00000000,0.00000000,0.07719615,0.04683117,0.03378817,0.08718046,0.22409230,0.08640390,0.16093757,0.16437661,0.04315441,0.04700550,0.01754386,0.00602228,0.00546760
0.00000000,0.00000000,0.00263942,0.07333617,0.04132255,0.02735916,0.05442032,0.09858096,0.11491415,0.11075635,0.13778913,0.13394352,0.09716191,0.02708954,0.04252874,0.03815808
0.00000000,0.00000000,0.00366735,0.11719092,0.02620055,0.03085316,0.14280762,0.17041308,0.15408335,0.16333382,0.08197708,0.08854547,0.00468910,0.00439717,0.00426945,0.00757189
0.00000000,0.00000000,0.00190929,0.15286495,0.02423171,0.04482766,0.18312920,0.24514045,0.08971625,0.06428615,0.09394106,0.00310767,0.06260029,0.02453639,0.00373733,0.00597160
0.00000000,0.00000000,0.00266211,0.14153239,0.01443884,0.03028807,0.11900145,0.14565777,0.07270548,0.04922252,0.04243503,0.08753217,0.20554635,0.02952999,0.03282677,0.02662106
0.00000000,0.00000000,0.00000000,0.07049919,0.04888842,0.05071133,0.09526703,0.15482874,0.13658640,0.21100881,0.12632260,0.04551999,0.01830839,0.00320991,0.01834802,0.02050117
0.00000000,0.00000000,0.00000000,0.07340380,0.04887568,0.04898679,0.08175114,0.18351644,0.14676593,0.18664148,0.11490437,0.04808400,0.02713927,0.00426395,0.02933374,0.00633342
0.00000000,0.00000000,0.00000000,0.07896397,0.05941086,0.07292491,0.12836342,0.17899752,0.13857613,0.12402872,0.08713682,0.05471382,0.01633228,0.02904113,0.01751325,0.01399718
0.00000000,0.00000000,0.00000000,0.08793874,0.06531841,0.06036473,0.13183505,0.16534179,0.15698337,0.12292135,0.09058363,0.02885992,0.02054534,0.02720870,0.03094953,0.01114943
0.00000000,0.00000000,0.00000000,0.08059482,0.06065397,0.07612414,0.14347050,0.12144425,0.14088078,0.13417477,0.09095370,0.08841850,0.01191271,0.03106301,0.01157196,0.00873690
0.00000000,0.00000000,0.00000000,0.09069362,0.06947797,0.06118947,0.12642140,0.16590083,0.13106006,0.10341719,0.10472590,0.06126218,0.04619747,0.02467646,0.00408608,0.01089138
0.00000000,0.00000000,0.02655629,0.04037086,0.06104636,0.05410596,0.13944371,0.10623841,0.14275497,0.20324503,0.13292715,0.05964238,0.00686093,0.01466225,0.00357616,0.00856954
0.00000000,0.00000000,0.00000000,0.03632440,0.05157346,0.02627825,0.04236648,0.05966553,0.08810166,0.13689384,0.30584427,0.02325721,0.06593538,0.03296769,0.02605047,0.10474135
0.00000000,0.00000000,0.00000000,0.04372245,0.06219552,0.03200127,0.05174414,0.09661429,0.11054540,0.15554986,0.13601455,0.04629867,0.07088873,0.02084173,0.05772682,0.11585656
0.00000000,0.00000000,0.00000000,0.07327519,0.03944482,0.04718755,0.04900245,0.07638272,0.13348044,0.13842900,0.12866245,0.07627827,0.04597326,0.03513605,0.09040581,0.06634199
0.00000000,0.00000000,0.00294369,0.06886836,0.04143596,0.03162366,0.05615442,0.08190471,0.11630385,0.15403917,0.15385694,0.03395057,0.07977404,0.02193751,0.02507745,0.13212969
0.00000000,0.00000000,0.00307452,0.13473527,0.01487999,0.03534847,0.08294406,0.13436157,0.10348049,0.05447504,0.08148324,0.06869257,0.08491447,0.00027178,0.18708702,0.01425150
0.00000000,0.00000000,0.00000000,0.03465686,0.03839461,0.03718137,0.05078431,0.09162990,0.10165441,0.27797794,0.21816176,0.10028186,0.02352941,0.01007353,0.00969363,0.00598039
0.00000000,0.00000000,0.00000000,0.05037099,0.04539891,0.04163798,0.08056044,0.12136974,0.16432086,0.22121931,0.13970270,0.06060838,0.03945792,0.01259594,0.01455927,0.00819756
0.00000000,0.00000000,0.00000000,0.06528162,0.03415852,0.04317032,0.06754806,0.14263744,0.16719056,0.20140304,0.14839798,0.05759191,0.03506239,0.01247892,0.01496121,0.01011804
0.00000000,0.00000000,0.00000000,0.06718092,0.03136870,0.04093036,0.08391383,0.13669360,0.13304199,0.22645881,0.15923389,0.06509848,0.02718914,0.00743522,0.01535438,0.00610069
0.00000000,0.00000000,0.00000000,0.04987228,0.04220878,0.02813919,0.03968075,0.12384684,0.12428362,0.22958718,0.21758236,0.08621762,0.02054187,0.02333461,0.00782232,0.00688259
0.00000000,0.00000000,0.00000000,0.07413326,0.05168612,0.04249715,0.05504506,0.18657611,0.12454684,0.18790784,0.11359702,0.07222444,0.04523461,0.03410722,0.00708779,0.00535654
0.00000000,0.00000000,0.00461420,0.06652140,0.05487375,0.03664125,0.07796078,0.15220456,0.18391118,0.15133940,0.14393745,0.03141823,0.05075622,0.02110036,0.00802679,0.01669444
0.00000000,0.00000000,0.00000000,0.06159478,0.05858401,0.04367606,0.10539021,0.09394398,0.21525015,0.13181071,0.15536633,0.08134384,0.01298477,0.01282561,0.01502732,0.01220224
0.00000000,0.00000000,0.00000000,0.09078439,0.04690250,0.05833368,0.12164166,0.17973978,0.16647961,0.15862327,0.07034682,0.02345818,0.01522772,0.02312563,0.02821078,0.01712599
0.00000000,0.00000000,0.00000000,0.10117247,0.05357329,0.06209496,0.14606022,0.14564307,0.20803599,0.08986487,0.06999091,0.04972960,0.02633970,0.00995188,0.01527047,0.02227254
0.00000000,0.00000000,0.00388764,0.09808430,0.05664373,0.05892668,0.13864809,0.22032160,0.20366265,0.04622155,0.06417086,0.05637904,0.01493846,0.01569944,0.01095156,0.01146440
0.00000000,0.00000000,0.00000000,0.07616146,0.04451853,0.05266637,0.05916165,0.17140640,0.17025679,0.09083332,0.20332236,0.07417839,0.03343919,0.00412422,0.01086379,0.00906753
0.00000000,0.00000000,0.00000000,0.09767337,0.04091864,0.06439508,0.10148604,0.22313119,0.14055839,0.13884719,0.07338637,0.03417893,0.02635845,0.02851996,0.01233864,0.01820775
0.00000000,0.00000000,0.00000000,0.10758634,0.04587052,0.06868452,0.09691502,0.24214203,0.15732117,0.07389083,0.06168348,0.07641314,0.03212715,0.01078450,0.01374337,0.01283793
0.00000000,0.00000000,0.00456938,0.10561127,0.05006756,0.06583813,0.09360999,0.27553161,0.15306522,0.06781168,0.07190100,0.03499040,0.04633383,0.00154683,0.01219686,0.01692625
0.00000000,0.00000000,0.00000000,0.08864444,0.03715036,0.05395683,0.06234514,0.14054151,0.08197260,0.15836294,0.24235052,0.07450969,0.02576196,0.01334368,0.01786620,0.00319413
0.00000000,0.00000000,0.00000000,0.12534572,0.02209516,0.05977501,0.09636720,0.17655925,0.13883278,0.14942975,0.10004972,0.02601075,0.04164206,0.00859256,0.03149570,0.02380434
0.00000000,0.00000000,0.00000000,0.12949771,0.03382811,0.07362004,0.13534557,0.13074018,0.12906699,0.13837718,0.04893645,0.08390763,0.03298324,0.01913392,0.01934928,0.02521370
0.00000000,0.00000000,0.00800697,0.12901970,0.03339944,0.07213686,0.10127333,0.22211925,0.10781606,0.09415602,0.08353567,0.06937520,0.03243564,0.01019406,0.01267770,0.02385410
0.00000000,0.00000000,0.00000000,0.05361285,0.05132296,0.04180886,0.06190075,0.11823191,0.18295439,0.21374226,0.13486682,0.09750476,0.01014936,0.01755086,0.00825836,0.00809585
0.00000000,0.00000000,0.00000000,0.07813269,0.05237027,0.05004919,0.09637850,0.13018015,0.22423758,0.17116023,0.08939990,0.02539351,0.02713047,0.02341060,0.02013650,0.01202041
0.00000000,0.00000000,0.00000000,0.08338736,0.06056223,0.04442006,0.09387728,0.18878526,0.20831879,0.13282796,0.07243197,0.05841770,0.01978289,0.02329061,0.00683258,0.00706532
0.00000000,0.00000000,0.00000000,0.08289928,0.06208308,0.04735274,0.11694720,0.19911545,0.18900890,0.12339858,0.09825100,0.03735585,0.00352724,0.01440137,0.01120310,0.01445620
0.00000000,0.00000000,0.00000000,0.06153456,0.05731199,0.05399808,0.09385857,0.14245818,0.14136245,0.17589128,0.17484900,0.03541076,0.02574964,0.00881928,0.01158533,0.01717088
0.00000000,0.00000000,0.00000000,0.07792770,0.06376411,0.07432395,0.14290703,0.10428540,0.22794446,0.08492569,0.11336462,0.04307744,0.01867527,0.01590960,0.02764275,0.00525198
0.00000000,0.00000000,0.00000000,0.08680062,0.06053405,0.05677967,0.14131642,0.11887453,0.16484104,0.15397162,0.11530295,0.02881168,0.02332776,0.02775708,0.01618460,0.00549798
0.00000000,0.00000000,0.00000000,0.07282809,0.05261721,0.03937313,0.07210986,0.17523271,0.15924500,0.16168697,0.15229258,0.05362273,0.03055332,0.01457998,0.01397667,0.00188175
0.00000000,0.00000000,0.00000000,0.08672976,0.05968434,0.07188426,0.07735684,0.20730786,0.17897744,0.10317772,0.08174094,0.06367539,0.03939650,0.01368144,0.00006047,0.01632702
0.00000000,0.00000000,0.00000000,0.08802331,0.06140843,0.06477702,0.11796125,0.17387676,0.11406158,0.13507731,0.08829644,0.07582356,0.04279016,0.01921005,0.00622126,0.01247288
0.00000000,0.00000000,0.00000000,0.09719294,0.05205330,0.04964356,0.18127573,0.12248089,0.23099101,0.09976046,0.07929199,0.03221596,0.01113071,0.00936644,0.03175696,0.00284005
0.00000000,0.00000000,0.00000000,0.10450552,0.05885991,0.09854502,0.17220777,0.12768679,0.20510297,0.08372812,0.03136290,0.02924018,0.01769874,0.03030857,0.02221129,0.01854221
0.00000000,0.00000000,0.00000000,0.10734179,0.06894406,0.09032057,0.16604942,0.16653828,0.16163487,0.08657265,0.04497511,0.02785020,0.02026547,0.02050249,0.01719898,0.02180612
0.00000000,0.00000000,0.00000000,0.09293941,0.05927521,0.05668446,0.12977183,0.18887536,0.18566033,0.11393077,0.09100415,0.02027343,0.03383588,0.00035896,0.02322315,0.00416706
0.00000000,0.00000000,0.00000000,0.11046430,0.05635583,0.11190012,0.12767850,0.21373391,0.16546235,0.06097542,0.03408506,0.02653141,0.03622318,0.01971128,0.00797503,0.02890363
0.00000000,0.00000000,0.00000000,0.11289579,0.06082549,0.08962544,0.17776973,0.21986703,0.12016984,0.06209269,0.03408268,0.04435192,0.03969456,0.01797117,0.00121783,0.01943585
0.00000000,0.00000000,0.00000000,0.05550730,0.05097746,0.04291995,0.06554245,0.13212716,0.12794473,0.29276962,0.12246616,0.06572952,0.01662279,0.01244037,0.00800406,0.00694843
0.00000000,0.00000000,0.00000000,0.08315519,0.04748193,0.04067594,0.08343150,0.13475270,0.13865015,0.21387956,0.10760147,0.06932507,0.05830170,0.00906010,0.00735861,0.00632608
0.00000000,0.00000000,0.00000000,0.10856923,0.05344856,0.03504047,0.17054114,0.10481067,0.20339159,0.13871173,0.07259652,0.04726320,0.02542210,0.00723598,0.02744936,0.00551947
0.00000000,0.00000000,0.00986392,0.09528829,0.05567529,0.05739007,0.13436640,0.15687879,0.16866200,0.13243137,0.05457406,0.07567057,0.02608354,0.01540156,0.00770864,0.01000551
0.00000000,0.00000000,0.00000000,0.03793015,0.06071094,0.03174558,0.03279526,0.15746546,0.16174927,0.21295640,0.17992000,0.07618656,0.00895061,0.01187268,0.02753270,0.00018440
0.00000000,0.00000000,0.00000000,0.07404076,0.03829213,0.03489562,0.03914513,0.16770061,0.12912932,0.20368188,0.15856571,0.06053227,0.02929681,0.04171966,0.01270201,0.01029809
0.00000000,0.00000000,0.00000000,0.06595720,0.04043375,0.02771529,0.03727577,0.06966315,0.12865548,0.09908000,0.24535675,0.08111265,0.08502048,0.05408952,0.06150141,0.00413855
0.00000000,0.00000000,0.00000000,0.05804987,0.05935879,0.02658845,0.04177509,0.14715113,0.15721247,0.21822712,0.15311224,0.06451562,0.03945688,0.02485373,0.00922553,0.00047310
0.00000000,0.00000000,0.00000000,0.08693641,0.05072290,0.02838495,0.05195628,0.19984240,0.12933397,0.14046869,0.13601480,0.05282993,0.06148075,0.03638482,0.00246677,0.02317733
0.00000000,0.00000000,0.00000000,0.09031741,0.04143956,0.02492786,0.04939083,0.08597307,0.13202950,0.07580955,0.14456557,0.09697018,0.15402373,0.07128887,0.01793844,0.01532542
0.00000000,0.00000000,0.00000000,0.08610521,0.06133018,0.05324233,0.10236082,0.17436824,0.19273372,0.14319965,0.10208909,0.02068315,0.02274507,0.00353244,0.02493487,0.01267522
0.00000000,0.00000000,0.00000000,0.11272128,0.05652375,0.06473103,0.09956903,0.23926444,0.14750777,0.07736818,0.02678525,0.07462097,0.02781546,0.00954654,0.00973541,0.05381089
0.00000000,0.00000000,0.00000000,0.11117234,0.05060214,0.05300096,0.08661685,0.13882361,0.07830202,0.10323030,0.04076373,0.12175633,0.11700731,0.06980890,0.01930402,0.00961149
0.00000000,0.00000000,0.00000000,0.10306126,0.04513308,0.04767843,0.07386655,0.24508866,0.15354129,0.11812840,0.11787215,0.01527213,0.03582288,0.01721958,0.00825105,0.01906454
0.00000000,0.00000000,0.00000000,0.11749602,0.05941336,0.06393028,0.06222472,0.27768719,0.14249836,0.06638553,0.05270359,0.05330335,0.01426296,0.03992128,0.03019398,0.01997938
0.00000000,0.00000000,0.00000000,0.11873134,0.04988741,0.04915429,0.03450924,0.22611671,0.05500183,0.10122362,0.04215469,0.04908447,0.15837246,0.09040130,0.00027929,0.02508335
0.00000000,0.00000000,0.00000000,0.11439941,0.04538692,0.07019557,0.03597612,0.17561439,0.16652625,0.14770466,0.10493484,0.05257497,0.05255705,0.01455536,0.01579221,0.00378224
0.00000000,0.00000000,0.00000000,0.15530919,0.03002441,0.05630594,0.07697315,0.24078519,0.09963385,0.12528478,0.05632628,0.06903987,0.03004475,0.00449552,0.03411310,0.02166395
0.00000000,0.00000000,0.00646407,0.13654655,0.03669040,0.03372239,0.05451665,0.16391413,0.04171598,0.08241228,0.11265682,0.03386806,0.21029152,0.00642765,0.05925090,0.02152261
0.00000000,0.00000000,0.00000000,0.07701449,0.06222175,0.03919899,0.06656734,0.20523599,0.14716472,0.20236258,0.10525196,0.04863513,0.00214619,0.02708455,0.00156086,0.01555544
0.00000000,0.00000000,0.00589573,0.09525726,0.06704630,0.03847315,0.07553776,0.26297362,0.16161941,0.12012798,0.05569753,0.03621949,0.05137131,0.01185182,0.01171097,0.00621768
0.00000000,0.00000000,0.00263408,0.09667246,0.05139140,0.03478058,0.05821850,0.14492806,0.10314118,0.09984411,0.15028581,0.02028419,0.10851685,0.08534772,0.03060548,0.01334958
0.00000000,0.00000000,0.00000000,0.06181152,0.03858354,0.03199435,0.03525290,0.09092220,0.11066094,0.18422343,0.12652114,0.10523963,0.05168983,0.01352442,0.11810081,0.03147529
0.00000000,0.00000000,0.00000000,0.07982577,0.04395978,0.02255140,0.04426870,0.08147851,0.12880555,0.12943884,0.13652863,0.06538361,0.04019091,0.05813936,0.09171931,0.07770964
