0.00000000,0.06746765,0.93253235,0.00000000
0.00000000,0.32049634,0.59579529,0.08370837
0.24598727,0.28863140,0.42596638,0.03941495
0.35496508,0.00000000,0.60347471,0.04156021
0.02009274,0.09473432,0.88485317,0.00031978
0.06652453,0.28554554,0.57166729,0.07626264
0.09031161,0.29650459,0.55537390,0.05780989
0.08529447,0.29940668,0.61298929,0.00230956
0.05059809,0.94940191,0.00000000,0.00000000
0.06931749,0.19123248,0.71812157,0.02132846
0.11147324,0.39166785,0.42388173,0.07297719
0.19425259,0.60736310,0.19838431,0.00000000
0.00000000,0.14438204,0.51199305,0.34362491
0.02907867,0.17520211,0.78571174,0.01000748
0.04851245,0.26058975,0.63468885,0.05620895
0.05471841,0.28164914,0.62318306,0.04044939
0.04866067,0.32424228,0.61942719,0.00766985
0.17756483,0.51246767,0.30220837,0.00775914
0.05634607,0.26271514,0.62648873,0.05445007
0.05855028,0.33096128,0.55650438,0.05398407
0.04075495,0.16230167,0.73394825,0.06299513
0.06159354,0.29953558,0.56160652,0.07726435
0.07087224,0.10587805,0.49870907,0.32454064
0.09967307,0.46046301,0.37267097,0.06719294
0.10137229,0.52881806,0.26144312,0.10836653
0.18003367,0.38290506,0.33348156,0.10357971
0.07489802,0.33787261,0.53482899,0.05240038
0.12219451,0.46833946,0.36190452,0.04756151
0.12433628,0.43073920,0.37444040,0.07048412
0.03713186,0.11280875,0.53387539,0.31618400
0.04850534,0.30886542,0.41379572,0.22883352
0.07347907,0.29449003,0.48599078,0.14604012
0.07687127,0.35090221,0.40493592,0.16729059
0.03291304,0.19260417,0.76122487,0.01325793
0.03880090,0.25560164,0.67273917,0.03285830
0.04027611,0.27464486,0.65671244,0.02836659
0.03466325,0.26497375,0.68905166,0.01131134
0.11012252,0.36143524,0.52014919,0.00829305
0.25080735,0.46858669,0.27391228,0.00669368
0.04475504,0.31877473,0.59757771,0.03889252
0.03564014,0.22834097,0.67781247,0.05820642
0.05060981,0.22655085,0.64295867,0.07988067
0.06658967,0.35527123,0.52109575,0.05704335
0.08748688,0.34424444,0.50686152,0.06140716
0.11308052,0.30254545,0.52008312,0.06429091
0.06947176,0.25657508,0.62102808,0.05292507
0.10209051,0.46680128,0.37943936,0.05166884
0.12068738,0.52548064,0.27807041,0.07576157
0.19685767,0.45897515,0.23051448,0.11365270
0.14160018,0.44474622,0.37189498,0.04175861
0.02563074,0.18307863,0.78145014,0.00984049
0.03455832,0.26274652,0.66396360,0.03873156
0.05754648,0.25784624,0.65529983,0.02930745
0.05372970,0.27343598,0.65879537,0.01403895
0.07692084,0.29790480,0.55120307,0.07397129
0.08174235,0.36624050,0.48879188,0.06322527
0.08511219,0.37728863,0.49674942,0.04084976
0.09476880,0.36863936,0.46020606,0.07638578
0.09126868,0.37078816,0.47712789,0.06081527
0.08782362,0.48840393,0.41766280,0.00610965
0.04126093,0.28221104,0.62583210,0.05069593
0.04304943,0.27776166,0.63209271,0.04709619
0.04114984,0.19639042,0.71832850,0.04413125
0.05396487,0.27260030,0.59033137,0.08310346
0.05774008,0.15923224,0.58979065,0.19323702
0.05304995,0.28901347,0.58252866,0.07540792
0.05972487,0.29851633,0.55738413,0.08437466
0.09946725,0.39966501,0.41617226,0.08469548
0.10355941,0.24905335,0.39949629,0.24789095
0.06276067,0.31645746,0.57823632,0.04254555
0.10075533,0.45980577,0.35365525,0.08578365
0.10089883,0.28413500,0.40802121,0.20694496
0.09031911,0.37423808,0.48621370,0.04922911
0.09415291,0.35778107,0.45593067,0.09213535
0.09999119,0.43270196,0.37054004,0.09676680
0.10845138,0.55889081,0.23636583,0.09629199
0.10432397,0.47658246,0.31410729,0.10498628
0.11105855,0.52734303,0.23583489,0.12576353
0.06898663,0.40987823,0.46801736,0.05311778
0.05672265,0.32085022,0.56522663,0.05720050
0.10630043,0.37839463,0.43288330,0.08242163
0.06797175,0.40275903,0.46685360,0.06241562
0.05738256,0.11015007,0.60472508,0.22774229
0.07843728,0.22192437,0.42525855,0.27437980
0.09056610,0.24447110,0.36447249,0.30049030
0.09158097,0.19821962,0.36720852,0.34299090
0.04925586,0.26492134,0.62621453,0.05960827
0.08796795,0.31654676,0.47609098,0.11939430
0.06950158,0.17272547,0.55201741,0.20575554
0.11072048,0.35658123,0.34539278,0.18730551
0.12365865,0.20114167,0.37212647,0.30307321
0.14002901,0.10043516,0.48358429,0.27595154
0.12365623,0.42298361,0.34751563,0.10584453
0.07654213,0.20013180,0.50675959,0.21656649
0.08865713,0.26979895,0.31504139,0.32650253
0.08399919,0.11912900,0.42377600,0.37309581
0.07238585,0.23758199,0.54237942,0.14765273
0.03357844,0.21034588,0.70235978,0.05371590
0.07105242,0.29362483,0.56379159,0.07153116
0.12273727,0.55068776,0.26516657,0.06140839
0.06339119,0.36166583,0.49360169,0.08134130
0.07974621,0.32466349,0.52132992,0.07426038
0.03764797,0.17209047,0.71714193,0.07311964
0.04118762,0.25793905,0.53898648,0.16188685
0.06943037,0.32625518,0.44403501,0.16027944
0.08147009,0.32861653,0.45896543,0.13094795
0.09698113,0.32712405,0.41945262,0.15644220
0.05336050,0.30625650,0.49956542,0.14081758
0.05551989,0.31352321,0.50716433,0.12379257
0.05509268,0.31737356,0.50145385,0.12607991
0.04526967,0.27659661,0.65568932,0.02244440
0.05374275,0.42404541,0.45887511,0.06333672
0.05486675,0.41994110,0.46469363,0.06049853
0.03071887,0.20056689,0.75393530,0.01477894
0.03335446,0.25200542,0.69042207,0.02421805
0.03321877,0.25427878,0.68626076,0.02624168
0.05459358,0.21992035,0.71509672,0.01038935
0.07918805,0.27574706,0.63789617,0.00716873
0.15817684,0.32105335,0.51640029,0.00436953
0.31612020,0.34242864,0.34103223,0.00041892
0.02674222,0.19558356,0.76458377,0.01309045
0.04506421,0.24697031,0.66932804,0.03863744
0.05455864,0.26083403,0.64946650,0.03514083
0.05596077,0.25752797,0.66713075,0.01938051
0.03664910,0.25208935,0.68149243,0.02976912
0.05377030,0.30135081,0.58901111,0.05586777
0.06818455,0.29754025,0.58882284,0.04545236
0.06547504,0.33967836,0.56493984,0.02990676
0.04375833,0.25501941,0.67341713,0.02780513
0.06299996,0.32544584,0.55311162,0.05844257
0.07317601,0.31654447,0.56481340,0.04546612
0.06960029,0.32823517,0.56788565,0.03427889
0.04534199,0.25427103,0.68521906,0.01516792
0.06409594,0.31823116,0.57343895,0.04423395
0.06985967,0.32646625,0.57379126,0.02988281
0.06565702,0.36228258,0.55684120,0.01521920
0.09621328,0.30743841,0.58512617,0.01122213
0.12383715,0.42676043,0.40104380,0.04835861
0.13728191,0.44437642,0.39011325,0.02822841
0.14042083,0.50001872,0.34658729,0.01297316
0.03552136,0.24396792,0.68515305,0.03535767
0.04539659,0.26186140,0.65403879,0.03870321
0.03892097,0.26823020,0.65582800,0.03702083
0.03752762,0.21117527,0.71676047,0.03453664
0.05982594,0.27212205,0.59848090,0.06957111
0.05363276,0.16762339,0.61666867,0.16207518
0.04114981,0.29688551,0.61037823,0.05158645
0.05526647,0.27984646,0.61427007,0.05061700
0.07721300,0.34331117,0.51145971,0.06801612
0.07701296,0.24502071,0.44886605,0.22910028
0.06039035,0.28135484,0.62508388,0.03317093
0.07719615,0.39189211,0.45487250,0.07603924
0.07597559,0.22168299,0.49740315,0.20493827
0.12085827,0.37027441,0.48793972,0.02092760
0.15477424,0.49732903,0.25105112,0.09684561
0.14419449,0.30938613,0.25189521,0.29452417
0.07049919,0.34969552,0.51943780,0.06036749
0.07340380,0.36313004,0.49639578,0.06707038
0.07896397,0.43969671,0.40445548,0.07688385
0.08793874,0.42285998,0.39934828,0.08985300
0.08059482,0.40169286,0.45442774,0.06328458
0.09069362,0.42298968,0.40046532,0.08585139
0.06692715,0.36083444,0.53856954,0.03366887
0.03632440,0.17988371,0.55409698,0.22969490
0.04372245,0.24255522,0.44840848,0.26531385
0.07327519,0.21201755,0.47685016,0.23785711
0.07181205,0.21111874,0.45815052,0.25891868
0.13780979,0.26753410,0.30813134,0.28652477
0.03465686,0.21799020,0.69807598,0.04927696
0.05037099,0.28896708,0.58585125,0.07481068
0.06528162,0.28751433,0.57458347,0.07262057
0.06718092,0.29290648,0.58383317,0.05607943
0.04987228,0.23387556,0.65767077,0.05858139
0.07413326,0.33580444,0.49827614,0.09178615
0.07113561,0.32168034,0.51060625,0.09657780
0.06159478,0.30159425,0.58377102,0.05303995
0.09078439,0.40661762,0.41890787,0.08369012
0.10117247,0.40737154,0.41762138,0.07383460
0.10197194,0.47454010,0.37043409,0.05305386
0.07616146,0.32775295,0.53859087,0.05749472
0.09767337,0.42993095,0.38697088,0.08542480
0.10758634,0.45361208,0.36930863,0.06949295
0.11018064,0.48504729,0.32776830,0.07700377
0.08864444,0.29399385,0.55719574,0.06016598
0.12534572,0.35479661,0.41432301,0.10553467
0.12949771,0.37353389,0.40028825,0.09668014
0.13702667,0.42892888,0.35488295,0.07916149
0.05361285,0.27326449,0.62906824,0.04405443
0.07813269,0.32897811,0.51019122,0.08269798
0.08338736,0.38764484,0.47199641,0.05697139
0.08289928,0.42549847,0.44801433,0.04358792
0.06153456,0.34762681,0.52751350,0.06332514
0.07792770,0.38528048,0.46931221,0.06747961
0.08680062,0.37750468,0.46292729,0.07276741
0.07282809,0.33933291,0.52684728,0.06099173
0.08672976,0.41623330,0.42757151,0.06946544
0.08802331,0.41802346,0.41325888,0.08069435
0.09719294,0.40545348,0.44225942,0.05509417
0.10450552,0.45729950,0.34943417,0.08876081
0.10734179,0.49185233,0.32103283,0.07977305
0.09293941,0.43460686,0.41086868,0.06158504
0.11046430,0.50966836,0.28705423,0.09281311
0.11289579,0.54808768,0.26069712,0.07831940
0.05550730,0.29156701,0.60891003,0.04401566
0.08315519,0.30634207,0.52945625,0.08104649
0.10856923,0.36384084,0.46196304,0.06562690
0.10515221,0.40431055,0.43133800,0.05919924
0.03793015,0.28271724,0.63081222,0.04854038
0.07404076,0.28003350,0.55190918,0.09401656
0.06595720,0.17508796,0.55420488,0.20474996
0.05804987,0.27487344,0.59306745,0.07400924
0.08693641,0.33090654,0.45864739,0.12350966
0.09031741,0.20173132,0.44937480,0.25857647
0.08610521,0.39130157,0.45870562,0.06388760
0.11272128,0.46008825,0.32628217,0.10090829
0.11117234,0.32904355,0.34405239,0.21573172
0.10306126,0.41176672,0.40481397,0.08035806
0.11749602,0.46325555,0.31489083,0.10435760
0.11873134,0.35966765,0.24746461,0.27413640
0.11439941,0.32717300,0.47174073,0.08668686
0.15530919,0.40408869,0.35028478,0.09031733
0.14301062,0.28884357,0.27065314,0.29749267
0.07701449,0.37322407,0.50341439,0.04634704
0.10115299,0.44403083,0.37366441,0.08115178
0.09930654,0.28931854,0.37355529,0.23781963
0.06181152,0.19675298,0.52664514,0.21479036
0.07982577,0.19225838,0.46015662,0.26775923
0.09273116,0.32229692,0.31446650,0.27050542
0.09952565,0.34382222,0.31308533,0.24356680
0.12553652,0.25987376,0.36786294,0.24672678
0.08418751,0.29632284,0.39158483,0.22790481
0.02911043,0.21938725,0.69111418,0.06038814
0.05975209,0.27469666,0.59270521,0.07284604
0.05428555,0.24181877,0.63915470,0.06474098
0.08978464,0.35496679,0.49730115,0.05794741
0.10729046,0.33752839,0.49339092,0.06179022
0.18127315,0.52924547,0.23152661,0.05795477
0.05967604,0.30246196,0.56033481,0.07752719
0.06228985,0.29541529,0.56308759,0.07920727
0.03434803,0.24791482,0.58576371,0.13197344
0.05623233,0.31828464,0.47541235,0.15007069
0.06531035,0.29301769,0.48348854,0.15818343
0.07026080,0.29581456,0.49068937,0.14323526
0.12960287,0.33283505,0.37777999,0.15978209
0.04403025,0.27665226,0.56220737,0.11711012
0.04403370,0.28574717,0.56509530,0.10512384
0.03553844,0.27267108,0.64823772,0.04355276
0.05789474,0.36303366,0.51253671,0.06653490
0.07039315,0.34208062,0.49809764,0.08942858
0.07438038,0.32935518,0.54035829,0.05590615
0.04615805,0.34896710,0.52926003,0.07561482
0.06629562,0.41523803,0.42725118,0.09121517
0.08711102,0.39406339,0.42883122,0.08999438
0.08552572,0.41177150,0.43357344,0.06912934
0.05194938,0.36336238,0.53068809,0.05400016
0.08333036,0.41016317,0.42270075,0.08380572
0.08899628,0.41724732,0.41489973,0.07885667
0.08634788,0.44053211,0.41921280,0.05390720
0.04207560,0.35334949,0.54786003,0.05671488
0.04277886,0.38173571,0.52853440,0.04695103
0.05051487,0.34444120,0.55042303,0.05462090
0.07117829,0.29063451,0.53019068,0.10799652
0.08550355,0.34648101,0.44275178,0.12526367
0.08630935,0.38125108,0.39438480,0.13805477
0.08858650,0.31998908,0.49387151,0.09755291
0.08879833,0.37411898,0.44183079,0.09525191
0.03479102,0.21827034,0.60474975,0.14218889
0.05318343,0.27816990,0.54414718,0.12449949
0.06540409,0.27771297,0.52936358,0.12751936
0.06820410,0.26433889,0.52784327,0.13961374
0.06687023,0.36565267,0.46250846,0.10496863
0.08648993,0.34419327,0.45129629,0.11802051
0.08732543,0.37198088,0.42284799,0.11784570
0.09760415,0.37644077,0.41923197,0.10672312
0.10868527,0.34336666,0.42010148,0.12784659
0.10695428,0.36247585,0.38929491,0.14127495
0.04346497,0.26575888,0.57080603,0.11997012
0.04423222,0.26396944,0.58029751,0.11150084
0.05111550,0.27662638,0.56374371,0.10851441
0.03012989,0.18805504,0.77092294,0.01089213
0.04831602,0.22739753,0.69050730,0.03377915
0.05361522,0.24184382,0.68171411,0.02282686
0.05286251,0.25965148,0.67380118,0.01368484
0.06083951,0.27436910,0.60574296,0.05904843
0.06691721,0.31836842,0.54835968,0.06635468
0.06156277,0.31705991,0.57892828,0.04244904
0.06844237,0.30426448,0.57851638,0.04877677
0.06602423,0.35129405,0.54560848,0.03707324
0.06458411,0.37282778,0.54562588,0.01696223
0.04865474,0.23602750,0.67464261,0.04067515
0.06130897,0.30367220,0.56478665,0.07023218
0.06929811,0.31042798,0.55497880,0.06529512
0.06784397,0.31664774,0.56853938,0.04696890
0.04862301,0.24769741,0.66522683,0.03845275
0.06779701,0.30812312,0.55599929,0.06808058
0.07275172,0.33446619,0.52860771,0.06417439
0.07245108,0.36228234,0.52194406,0.04332252
0.07788423,0.35628989,0.50285932,0.06296656
0.03687562,0.23577780,0.68482819,0.04251839
0.04332787,0.23460961,0.67728007,0.04478244
0.03977385,0.19742806,0.72341841,0.03937968
0.05322905,0.25871731,0.63175370,0.05629995
0.05889568,0.16595531,0.59105404,0.18409498
0.05193790,0.25356103,0.63067810,0.06382297
0.05876458,0.27555291,0.59317145,0.07251107
0.07601475,0.32736824,0.51368119,0.08293582
0.08012925,0.22037908,0.51618267,0.18330900
0.06446128,0.28894719,0.59146672,0.05512480
0.07284008,0.35400884,0.50917877,0.06397231
0.08188400,0.26539896,0.47882689,0.17389015
0.05460798,0.26917095,0.59838667,0.07783439
0.06985098,0.34508899,0.50108587,0.08397416
0.07487191,0.22470194,0.47743620,0.22298995
0.05771399,0.28017350,0.59703670,0.06507581
0.07582680,0.35922483,0.46873971,0.09620866
0.07891118,0.26086618,0.44506578,0.21515686
0.07272293,0.30191558,0.56203072,0.06333077
0.07656043,0.35719367,0.50190390,0.06434200
0.07630496,0.32084089,0.55299911,0.04985504
0.08523304,0.41905131,0.41877102,0.07694464
0.08435855,0.44054229,0.38530324,0.08979592
0.08652737,0.41769195,0.41516175,0.08061893
0.08691471,0.43541682,0.38946668,0.08820179
0.04882411,0.28294137,0.63145412,0.03678039
0.08552650,0.32025035,0.53065211,0.06357104
0.07409986,0.33090756,0.53769359,0.05729899
0.03937728,0.14748667,0.60043225,0.21270380
0.04570050,0.23772510,0.49609478,0.22047962
0.05498768,0.25306784,0.43639901,0.25554547
0.05479260,0.25674769,0.45773781,0.23072190
0.06272295,0.22547372,0.50006651,0.21173682
0.05453089,0.26244741,0.43737845,0.24564325
0.05647371,0.19622246,0.65802437,0.08927947
0.06910051,0.32648749,0.51176014,0.09265186
0.07048643,0.15719214,0.56023887,0.21208256
0.08825993,0.38219761,0.40443351,0.12510896
0.08982254,0.22385980,0.43712897,0.24918868
0.09264695,0.13302003,0.45377775,0.32055527
0.08846546,0.35837842,0.46754489,0.08561123
0.09051767,0.38086782,0.44649020,0.08212431
0.10352143,0.43551005,0.39504010,0.06592841
0.10701665,0.43662929,0.33559293,0.12076113
0.10815623,0.49617381,0.29526083,0.10040914
0.10544876,0.43871912,0.36840945,0.08742266
0.10954522,0.45250964,0.35133269,0.08661245
0.06731044,0.32263026,0.53483652,0.07522278
0.10312639,0.38695563,0.42273242,0.08718556
0.11554994,0.42516646,0.34339654,0.11588706
0.04115714,0.17510000,0.55450000,0.22924286
0.06231486,0.22860216,0.45511521,0.25396776
0.06914429,0.12803635,0.43143822,0.37138114
0.04175628,0.14138480,0.45191744,0.36494149
0.03258967,0.19933703,0.71317367,0.05489962
0.05746873,0.26831953,0.62700370,0.04720803
0.05555413,0.25532764,0.60539455,0.08372368
0.07250816,0.39442459,0.47623026,0.05683699
0.06149842,0.26954104,0.59544315,0.07351739
0.08635828,0.38471367,0.45613288,0.07279518
0.06068493,0.25560604,0.61915685,0.06455218
0.08786777,0.39445065,0.46191797,0.05576362
0.07320139,0.31184468,0.54030094,0.07465298
0.07979841,0.28051116,0.58078243,0.05890801
0.09028698,0.37785596,0.44225993,0.08959713
0.09574988,0.42036430,0.39953096,0.08435486
0.09774014,0.39336969,0.42857565,0.08031452
0.09453572,0.44031616,0.39381068,0.07133744
0.09539718,0.41716674,0.41324002,0.07419605
0.07350470,0.30649057,0.53993593,0.08006879
0.08413253,0.37768990,0.43746551,0.10071205
0.08566552,0.41160800,0.40410151,0.09862497
0.09849756,0.45759610,0.36903222,0.07487411
0.10013644,0.48754645,0.33708778,0.07522933
0.10345085,0.48237261,0.34748798,0.06668856
0.06028283,0.26827403,0.61260935,0.05883379
0.08206945,0.39564562,0.46519383,0.05709110
0.09189159,0.36595910,0.47605720,0.06609211
0.09892358,0.37042303,0.48452098,0.04613242
0.07023469,0.31598963,0.54242404,0.07135164
0.06951724,0.30842266,0.55807369,0.06398641
0.04968757,0.22793938,0.64925663,0.07311643
0.08158683,0.31318758,0.53754700,0.06767860
0.06576857,0.27673260,0.54963401,0.10786482
0.07184026,0.14919544,0.57916910,0.19979520
0.08605507,0.38777380,0.42628820,0.09988293
0.09444163,0.25045845,0.47238207,0.18271784
0.08984013,0.39583333,0.40486948,0.10945706
0.10297314,0.25515135,0.45851073,0.18336477
0.09792372,0.36032652,0.45848214,0.08326763
0.09566742,0.35031618,0.46990045,0.08411595
0.12227689,0.41542500,0.35540797,0.10689014
0.12601600,0.27386789,0.41863953,0.18147658
0.08440289,0.32646870,0.48948428,0.09964413
0.04928552,0.16207183,0.59374350,0.19489914
0.08073762,0.27938208,0.40421083,0.23566948
0.10217034,0.31119643,0.31365666,0.27297657
0.10199089,0.29829695,0.36253298,0.23717918
0.03442541,0.17008124,0.66122101,0.13427234
0.06895888,0.26212960,0.51844232,0.15046920
0.07052368,0.24928589,0.51856693,0.16162350
0.08275911,0.24017592,0.52564856,0.15141641
0.04862170,0.17835296,0.55907097,0.21395437
0.07740150,0.20201889,0.41769782,0.30288180
0.08965949,0.11588167,0.53136116,0.26309769
0.05089321,0.15436669,0.63165689,0.16308321
0.03893785,0.22737327,0.60401954,0.12966934
0.06509524,0.26077732,0.50966403,0.16446341
0.06945821,0.26809547,0.48251312,0.17993321
0.06668063,0.29956524,0.47104657,0.16270756
0.06688575,0.29157913,0.49828062,0.14325450
0.07165811,0.28973635,0.48209460,0.15651094
0.05805216,0.25644116,0.58247057,0.10303611
0.07541586,0.31754907,0.47132864,0.13570643
0.08371214,0.34249469,0.43875686,0.13503632
0.08037080,0.34413735,0.45644549,0.11904636
0.05906470,0.29892965,0.53900131,0.10300434
0.08167143,0.31998232,0.47132837,0.12701789
0.08493932,0.35831302,0.42605342,0.13069424
0.08169926,0.39260958,0.40032367,0.12536750
0.05076367,0.27993172,0.56625878,0.10304582
0.05431702,0.24600034,0.52052397,0.17915867
0.07280868,0.33189357,0.42831433,0.16698341
0.07933061,0.23458090,0.41687874,0.26920976
0.06815835,0.31508371,0.50637147,0.11038647
0.09203830,0.35288592,0.42556324,0.12951254
0.09123982,0.25630418,0.40529288,0.24716312
0.06499225,0.33326538,0.48829813,0.11344424
0.08979384,0.40205435,0.34823341,0.15991841
0.09626952,0.27507331,0.37738526,0.25127191
0.08690273,0.34206311,0.41461445,0.15641971
0.08790299,0.34333113,0.39213182,0.17663406
0.09105508,0.35378220,0.44137949,0.11378323
0.07592691,0.24302048,0.45221298,0.22883963
0.08590227,0.25676102,0.44217668,0.21516003
0.08747110,0.27565232,0.39711549,0.23976109
0.03289538,0.24388213,0.71315491,0.01006759
0.03820543,0.33094893,0.58493759,0.04590805
0.05068032,0.32515635,0.57180676,0.05235657
0.07018197,0.45583547,0.40489215,0.06909041
0.04218608,0.22290067,0.66078230,0.07413095
0.08672429,0.39072459,0.45868390,0.06386722
0.06963328,0.47854573,0.36788487,0.08393612
0.06095486,0.33582532,0.52637210,0.07684772
0.06650968,0.39089315,0.45247572,0.09012145
0.08728984,0.42976545,0.42604304,0.05690168
0.10816114,0.47194095,0.36364260,0.05625532
0.04761963,0.30997639,0.53801702,0.10438696
0.04823479,0.35076796,0.47836927,0.12262798
0.05696546,0.24453170,0.57632530,0.12217754
0.06524358,0.43522484,0.38008565,0.11944593
0.07156026,0.44668353,0.43412082,0.04763538
0.10374913,0.52762630,0.28355736,0.08506721
0.11177564,0.51751603,0.30254461,0.06816372
0.07474455,0.50284614,0.34810047,0.07430884
0.10397222,0.54413121,0.25913013,0.09276644
0.15472608,0.48168930,0.26316717,0.10041745
0.12248146,0.53893459,0.26776804,0.07081591
0.06821183,0.43879162,0.41730769,0.07568886
0.11289787,0.46449657,0.33509924,0.08750632
0.12410969,0.52513048,0.28867614,0.06208368
0.09319702,0.46905769,0.35320736,0.08453793
0.11319414,0.45654788,0.31008144,0.12017654
0.11131904,0.53318902,0.27081908,0.08467286
0.15624615,0.47702464,0.28575733,0.08097188
0.06546799,0.52370346,0.31934883,0.09147971
0.11701673,0.51271979,0.27439741,0.09586607
0.02640885,0.19695149,0.76167581,0.01496385
0.04103892,0.23489608,0.68979270,0.03427230
0.05350808,0.23371047,0.68204137,0.03074008
0.04973755,0.25067842,0.68129147,0.01829256
0.03285508,0.23579679,0.70499910,0.02634903
0.05328385,0.28085456,0.62590337,0.03995822
0.05796130,0.28633873,0.62015775,0.03554222
0.05516673,0.29677885,0.61932691,0.02872752
0.03892083,0.22901268,0.70959946,0.02246703
0.05620251,0.28906790,0.60713695,0.04759264
0.06119630,0.29610034,0.60081243,0.04189093
0.05670237,0.31093066,0.60062232,0.03174466
0.04304380,0.22476977,0.71943197,0.01275446
0.05273653,0.28198151,0.63306678,0.03221518
0.05802718,0.28297073,0.62370809,0.03529399
0.05431996,0.30258838,0.62854292,0.01454875
0.07248522,0.25714489,0.66025512,0.01011477
0.09453864,0.33970820,0.53747289,0.02828026
0.10488335,0.33904730,0.52614920,0.02992015
0.10359609,0.35151226,0.53357242,0.01131922
0.12752722,0.30673306,0.55683650,0.00890322
0.15695459,0.42189924,0.38963777,0.03150840
0.17256814,0.40943170,0.38246343,0.03553673
0.18113439,0.46429385,0.34347331,0.01109845
0.03801083,0.24552169,0.68865315,0.02781433
0.04344423,0.24295033,0.67972230,0.03388314
0.03868661,0.21711394,0.70658747,0.03761198
0.05256200,0.26395645,0.63092988,0.05255167
0.04990433,0.19181915,0.59426533,0.16401119
0.03504682,0.28263469,0.63238335,0.04993514
0.04384742,0.27749109,0.63817630,0.04048518
0.06509109,0.31450166,0.55956907,0.06083817
0.06146188,0.22741420,0.53210375,0.17902017
0.05019213,0.27755296,0.64032373,0.03193117
0.06215954,0.34558770,0.54229512,0.04995763
0.06345903,0.23099178,0.53482291,0.17072628
0.08961494,0.33108655,0.55633194,0.02296657
0.11083112,0.38239022,0.44997053,0.05680813
0.10928212,0.26228241,0.43366300,0.19477248
0.16680384,0.38307613,0.43237311,0.01774691
0.20223546,0.49089186,0.26987933,0.03699335
0.18452401,0.30286097,0.30413251,0.20848252
0.05030560,0.18397450,0.60179184,0.16392805
0.05338793,0.21253301,0.53482875,0.19925031
0.05268573,0.23028222,0.51134980,0.20568225
0.05140862,0.22583550,0.51365264,0.20910324
0.10403700,0.23306004,0.42694542,0.23595754
0.17349032,0.26676034,0.36080559,0.19894375
0.03441204,0.18011297,0.77149095,0.01398404
0.04562862,0.21876450,0.70415988,0.03144700
0.04806880,0.24131221,0.68672697,0.02389202
0.04700594,0.25017230,0.68636069,0.01646107
0.04107909,0.23089946,0.70337765,0.02464380
0.05228026,0.27183287,0.63055472,0.04533215
0.05457602,0.30466398,0.58959498,0.05116502
0.05180993,0.29468839,0.62561678,0.02788489
0.04280390,0.23912462,0.69929281,0.01877867
0.05597801,0.30272188,0.59322844,0.04807167
0.06083689,0.29925858,0.59216941,0.04773512
0.05379240,0.32464049,0.59970782,0.02185929
0.04340409,0.23501802,0.70744633,0.01413156
0.04969113,0.27812213,0.63807496,0.03411178
0.05520659,0.31422589,0.60702031,0.02354721
0.05833585,0.31163229,0.61490430,0.01512756
0.08535868,0.28015669,0.62701456,0.00747006
0.09761881,0.35787454,0.50881332,0.03569333
0.10433811,0.35152970,0.50041725,0.04371493
0.10319424,0.39581885,0.48967224,0.01131467
0.04773584,0.23995059,0.67427098,0.03804260
0.05489992,0.28765171,0.60471875,0.05272963
0.05683483,0.28645454,0.60046772,0.05624290
0.05437771,0.29611705,0.60936808,0.04013715
0.10046173,0.35930549,0.50021643,0.04001635
0.04903391,0.24389765,0.67106223,0.03600621
0.05583423,0.28837398,0.60787737,0.04791442
0.06014780,0.29586295,0.59914594,0.04484332
0.05681806,0.30840260,0.59633224,0.03844710
0.10518116,0.38191618,0.47321473,0.03968792
0.03930349,0.22996221,0.69576354,0.03497075
0.03859656,0.23491101,0.69095461,0.03553782
0.04228805,0.25082382,0.67128836,0.03559977
0.05557390,0.30051923,0.59325921,0.05064766
0.06027460,0.30966242,0.58105057,0.04901242
0.05538915,0.34288423,0.56772866,0.03399796
0.04001784,0.19950448,0.71597047,0.04450721
0.04849020,0.24604677,0.65211540,0.05334763
0.05557093,0.17885102,0.63317452,0.13240353
0.05017011,0.24565984,0.65791611,0.04625394
0.05427226,0.26171787,0.64099360,0.04301626
0.05870639,0.31383744,0.56568784,0.06176833
0.06360141,0.23168856,0.53597138,0.16873865
0.05133203,0.25824011,0.65061700,0.03981086
0.05511578,0.31746051,0.56726046,0.06016324
0.06285465,0.22721906,0.55020462,0.15972166
0.09815758,0.31803000,0.54548565,0.03832676
0.11493485,0.37157570,0.44467694,0.06881251
0.11560955,0.29672798,0.42426691,0.16339556
0.05999874,0.29959582,0.58638563,0.05401981
0.06288719,0.31605635,0.56125576,0.05980070
0.06703724,0.29472980,0.58499812,0.05323484
0.04756472,0.26866728,0.64216075,0.04160725
0.07541551,0.29959432,0.57025183,0.05473833
0.06391978,0.29891771,0.59207946,0.04508305
0.04858575,0.27481565,0.61508600,0.06151260
0.05941834,0.32583531,0.54932252,0.06542383
0.06426976,0.24890997,0.53577158,0.15104869
0.07474099,0.39221857,0.45963015,0.07341029
0.06703417,0.41925223,0.44004618,0.07366741
0.03932164,0.17725400,0.60352592,0.17989844
0.04448615,0.21419181,0.54584592,0.19547612
0.05511331,0.22661851,0.53504151,0.18322666
0.05380095,0.21432618,0.52095715,0.21091572
0.08716431,0.27649824,0.42291124,0.21342621
0.04592290,0.24990352,0.51386370,0.19030988
0.03675840,0.19670332,0.71737742,0.04916086
0.05119007,0.24592057,0.63488677,0.06800260
0.05801347,0.27929007,0.59472896,0.06796750
0.05401502,0.27728549,0.61808907,0.05061042
0.04782604,0.22627076,0.67428431,0.05161888
0.06759484,0.30016306,0.55772586,0.07451624
0.06379944,0.34337846,0.53292022,0.05990188
0.06079180,0.27701147,0.61479342,0.04740332
0.07251319,0.36173829,0.49410713,0.07164140
0.07927195,0.38968448,0.44902296,0.08202060
0.07833855,0.39932974,0.46449973,0.05783199
0.06590274,0.29494328,0.59385440,0.04529958
0.07959380,0.36596460,0.47621118,0.07823041
0.08892358,0.40172316,0.44005801,0.06929525
0.08481534,0.41316557,0.46488648,0.03713262
0.08177606,0.25409406,0.61497788,0.04915201
0.09497417,0.33736858,0.49228806,0.07536919
0.10279849,0.33541007,0.47054693,0.09124451
0.10153241,0.37030923,0.46801750,0.06014086
0.05985887,0.24314334,0.65695283,0.04004496
0.06845662,0.32217932,0.55171956,0.05764450
0.07624219,0.33215907,0.53930384,0.05229490
0.07442032,0.35079770,0.53635036,0.03843162
0.05184111,0.26786955,0.60974090,0.07054845
0.06523676,0.29405437,0.55645740,0.08425147
0.07274815,0.34987148,0.50513536,0.07224501
0.08477947,0.35459896,0.48218107,0.07844050
0.10156428,0.34571473,0.49082200,0.06189899
0.06312713,0.32110233,0.54957876,0.06619178
0.05473731,0.26083907,0.61521296,0.06921066
0.06382906,0.31559358,0.54098677,0.07959059
0.07772317,0.37992913,0.46961939,0.07272831
0.09034925,0.39793181,0.44461246,0.06710648
0.10515636,0.36471716,0.45101335,0.07911314
0.07632125,0.29994562,0.56477728,0.05895585
0.05774693,0.29382808,0.57563267,0.07279231
0.06078646,0.30693718,0.58669498,0.04558137
0.07561604,0.36188325,0.50936971,0.05313099
0.08001825,0.39030802,0.46335198,0.06632175
0.07095693,0.38554754,0.46766526,0.07583026
0.07399311,0.37312328,0.48410716,0.06877646
0.08453479,0.43658771,0.40333124,0.07554625
0.08895967,0.47002261,0.35676254,0.08425518
0.07129088,0.37385964,0.49417210,0.06067738
0.06765981,0.39589036,0.46021359,0.07623624
0.08768108,0.43823154,0.40139066,0.07269672
0.08981683,0.45424414,0.37527464,0.08066440
0.05147848,0.25673791,0.64513326,0.04665036
0.06924003,0.28113565,0.59406940,0.05555492
0.08560865,0.34193308,0.51074773,0.06171054
0.08530378,0.34309501,0.52212551,0.04947570
0.04690447,0.21451021,0.66131410,0.07727122
0.05614426,0.27070036,0.59001090,0.08314447
0.06250571,0.19559455,0.56822960,0.17367014
0.06051649,0.25238113,0.60158863,0.08551375
0.06876076,0.32016973,0.50200344,0.10906607
0.07351992,0.20808123,0.51205853,0.20634032
0.07019267,0.32356743,0.53509012,0.07114978
0.08434131,0.41109491,0.41901422,0.08554956
0.08742469,0.29447792,0.42351740,0.19457999
0.08192023,0.29961701,0.54206286,0.07639989
0.09405154,0.41003519,0.41643490,0.07947837
0.10396444,0.28911690,0.40393543,0.20298322
0.08934821,0.27792815,0.53941109,0.09331255
0.06501703,0.26946051,0.60497865,0.06054381
0.08267479,0.32635792,0.51075008,0.08021721
0.08712707,0.25338654,0.46655537,0.19293102
0.06601310,0.33926251,0.53303130,0.06169309
0.06770962,0.33375346,0.53902626,0.05951066
0.06938435,0.33526578,0.51676084,0.07858903
0.08404468,0.37058943,0.46562730,0.07973860
0.08626556,0.34291395,0.49748476,0.07333574
0.07330648,0.32299691,0.53132861,0.07236799
0.08093438,0.38991358,0.46610856,0.06304348
0.09730796,0.37006342,0.44638478,0.08624383
0.09231810,0.44743163,0.38816863,0.07208164
0.11110819,0.49019402,0.32264387,0.07605393
0.11149926,0.52443179,0.28546168,0.07860727
0.09858411,0.47020779,0.33414003,0.09706807
0.12735032,0.49796828,0.29647107,0.07821034
0.13076828,0.55026593,0.23661881,0.08234697
0.08512148,0.37360599,0.46338246,0.07789007
0.08481942,0.38539272,0.46359409,0.06619376
0.10136302,0.52457688,0.30547068,0.06858942
0.11149150,0.48134201,0.32727091,0.07989558
0.06193931,0.28361684,0.57831266,0.07613118
0.09588674,0.31206092,0.51729501,0.07475733
0.07743449,0.30798204,0.52192212,0.09266135
0.13261291,0.42086099,0.34070887,0.10581723
0.08386074,0.32351298,0.48282629,0.10980000
0.10940347,0.44233037,0.33859470,0.10967145
0.11258052,0.45013722,0.34999929,0.08728297
0.04822377,0.18822577,0.56324656,0.20030389
0.05863192,0.20178796,0.51149576,0.22808436
0.06967188,0.30280424,0.41896073,0.20856315
0.07504265,0.28354256,0.41837488,0.22303990
0.08681424,0.22762465,0.43768957,0.24787155
0.06679751,0.23390478,0.50004005,0.19925766
0.03744306,0.19424338,0.71235921,0.05595435
0.05163588,0.25253370,0.65230237,0.04352805
0.04711717,0.25292735,0.62831171,0.07164377
0.06196130,0.31501840,0.55641695,0.06660335
0.05037827,0.25323028,0.63954716,0.05684428
0.06293354,0.31841930,0.56909597,0.04955119
0.04928526,0.24330112,0.65168123,0.05573239
0.06304757,0.34088478,0.55046108,0.04560658
0.09996412,0.30193497,0.54299161,0.05510931
0.13819670,0.42653589,0.39228908,0.04297833
0.06762085,0.28403034,0.57673321,0.07161559
0.06904890,0.27481230,0.60057444,0.05556436
0.06944551,0.34033316,0.51912860,0.07109274
0.07166447,0.37342621,0.47872496,0.07618436
0.07158790,0.34668276,0.52204208,0.05968725
0.07197683,0.39344678,0.46258750,0.07198890
0.07099521,0.37956411,0.48941040,0.06003027
0.13919102,0.47629196,0.32554824,0.05896878
0.14135808,0.45941746,0.34051150,0.05871296
0.06146807,0.31517176,0.55719117,0.06616900
0.07343234,0.33179805,0.52415716,0.07061244
0.07517245,0.37182275,0.49425528,0.05874952
0.06828542,0.38805876,0.44533789,0.09831793
0.08505687,0.42912290,0.39569605,0.09012418
0.09164264,0.42180201,0.41249246,0.07406290
0.07079915,0.37471955,0.47619254,0.07828877
0.08669752,0.43369030,0.38567391,0.09393827
0.09362219,0.41161914,0.43949271,0.05526596
0.06265527,0.30588752,0.58039921,0.05105800
0.04352944,0.22463046,0.65238699,0.07945311
0.06268072,0.29517376,0.57368172,0.06846380
0.05588170,0.23663138,0.63994989,0.06753703
0.06960364,0.33472385,0.53348928,0.06218324
0.07711248,0.36928247,0.48547261,0.06813244
0.07272683,0.33057983,0.52614808,0.07054527
0.08247302,0.42703709,0.41381016,0.07667973
0.08679377,0.47313457,0.36562914,0.07444252
0.08045123,0.35335159,0.47653886,0.08965832
0.09308778,0.45795226,0.37479088,0.07416908
0.10679958,0.48848620,0.32285213,0.08186208
0.09360075,0.26807995,0.56303321,0.07528608
0.11640864,0.40653792,0.41463415,0.06241929
0.12454314,0.37919332,0.41580734,0.08045621
0.06455831,0.29312088,0.57576738,0.06655343
0.10069573,0.36794783,0.47001566,0.06134078
0.07708205,0.34509264,0.50416349,0.07366182
0.08014561,0.30743383,0.53916579,0.07325477
0.08424937,0.35217006,0.47679141,0.08678916
0.10186793,0.45612547,0.38545160,0.05655500
0.11087729,0.45910825,0.33472314,0.09529133
0.12166546,0.49062859,0.31432133,0.07338462
0.13342306,0.44152181,0.33629256,0.08876256
0.13999239,0.42619807,0.35930501,0.07450452
0.14411948,0.43336491,0.34331429,0.07920133
0.09828581,0.44277428,0.38969765,0.06924225
0.09548059,0.40968405,0.42182165,0.07301371
0.03504520,0.19244420,0.65449867,0.11801192
0.04590513,0.26050772,0.55709144,0.13649571
0.05081995,0.23386140,0.56507521,0.15024344
0.04835889,0.25435835,0.57387678,0.12340597
0.08545584,0.25753128,0.36586527,0.29114761
0.04218773,0.17681621,0.58555545,0.19544061
0.05045599,0.23165237,0.52834440,0.18954725
0.06978314,0.30331212,0.46733350,0.15957124
0.09027788,0.28866155,0.41795313,0.20310744
0.11185299,0.22897956,0.45431045,0.20485701
0.06139263,0.25948257,0.45368113,0.22544366
0.03525773,0.19475839,0.70861822,0.06136566
0.05096568,0.25101349,0.62800150,0.07001933
0.05375786,0.25345926,0.61993011,0.07285277
0.05068378,0.26162891,0.61749475,0.07019256
0.05195032,0.23204478,0.65849222,0.05751268
0.06876276,0.29951890,0.55292059,0.07879775
0.07628490,0.32937354,0.52581358,0.06852798
0.07390237,0.34351983,0.52062216,0.06195564
0.08944740,0.29913626,0.55311070,0.05830563
0.10684098,0.42622328,0.41040040,0.05653535
0.12513351,0.37211894,0.42191539,0.08083216
0.12973485,0.42299107,0.38568723,0.06158685
0.05457393,0.25495371,0.63593061,0.05454175
0.06530776,0.31752391,0.56300396,0.05416437
0.11938572,0.41434942,0.40664810,0.05961676
0.06015062,0.27723395,0.60007882,0.06253662
0.06030156,0.27691902,0.59328342,0.06949599
0.04300283,0.21714448,0.67034561,0.06950708
0.05463528,0.26284752,0.58493171,0.09758549
0.06239803,0.18255046,0.57190777,0.18314375
0.07287799,0.33280163,0.51426442,0.08005596
0.07816362,0.24380246,0.50135820,0.17667572
0.06094541,0.29444385,0.57744697,0.06716378
0.08421812,0.32202866,0.50357106,0.09018216
0.09060223,0.24249784,0.50493283,0.16196710
0.08952256,0.43298668,0.40112060,0.07637016
0.09717823,0.30879114,0.44834148,0.14568915
0.11594560,0.34221301,0.46767961,0.07416177
0.13744854,0.40498034,0.37116276,0.08640836
0.13788908,0.28826591,0.43022745,0.14361756
0.06836279,0.29116036,0.54958345,0.09089340
0.04511907,0.19797612,0.57409063,0.18281418
0.07001670,0.23445156,0.51873608,0.17679566
0.11564741,0.31308427,0.37304960,0.19821872
0.02753555,0.19565560,0.76329936,0.01350949
0.03743935,0.24222427,0.68993048,0.03040589
0.04364866,0.24405285,0.69023808,0.02206042
0.04745460,0.24158978,0.69685075,0.01410487
0.08783404,0.28352132,0.61323536,0.01540928
0.05347043,0.28457317,0.61872120,0.04323519
0.05821861,0.28635126,0.61398339,0.04144673
0.05403574,0.29592986,0.61839279,0.03164161
0.09669277,0.36130819,0.51091179,0.03108726
0.06091262,0.31067991,0.60137271,0.02703477
0.05777078,0.30545984,0.60991325,0.02685614
0.10480587,0.36599061,0.50378660,0.02541692
0.05343833,0.33107895,0.59511133,0.02037139
0.10352143,0.38445434,0.49847167,0.01355256
0.18249448,0.53160384,0.27618407,0.00971762
0.04217787,0.24833543,0.68035901,0.02912768
0.03876922,0.21108564,0.70241176,0.04773338
0.04928772,0.23667552,0.66240801,0.05162875
0.06381880,0.27910456,0.60283382,0.05424282
0.06898868,0.30644096,0.56557955,0.05899081
0.08762236,0.24686939,0.61295106,0.05255720
0.05214053,0.24855893,0.65037251,0.04892803
0.04375262,0.27187886,0.62465667,0.05971186
0.07433692,0.34739925,0.51468749,0.06357633
0.07295987,0.38374905,0.46568141,0.07760967
0.09893734,0.32370958,0.50799706,0.06935602
0.06203943,0.31971959,0.55772083,0.06052015
0.05502408,0.25465912,0.64193319,0.04838361
0.06417929,0.29212089,0.57869344,0.06500638
0.07847347,0.35274969,0.50742254,0.06135430
0.08749459,0.38105315,0.46796609,0.06348617
0.10482081,0.33781582,0.49903122,0.05833216
0.06445989,0.34787976,0.54497557,0.04268479
0.05089513,0.27026871,0.63739380,0.04144236
0.06033905,0.30687036,0.57870635,0.05408424
0.07951373,0.38838922,0.46695164,0.06514541
0.08617765,0.41489774,0.43720694,0.06171768
0.10465229,0.34666243,0.48675611,0.06192917
0.06539316,0.35598097,0.53443504,0.04419083
0.10236415,0.32548033,0.52114536,0.05101016
0.11845065,0.37940497,0.41783883,0.08430555
0.14012778,0.50298047,0.29668633,0.06020542
0.15164853,0.52181952,0.25319480,0.07333715
0.18296589,0.44454151,0.31538106,0.05711153
0.12988130,0.47762528,0.36059216,0.03190126
0.05694766,0.35760954,0.52498854,0.06045426
0.05992655,0.35484086,0.51285333,0.07237926
0.07530740,0.35907845,0.49435543,0.07125873
0.07372020,0.40933297,0.45710576,0.05984108
0.06422716,0.39401018,0.45786231,0.08390035
0.06977446,0.40361467,0.45146200,0.07514887
0.07927984,0.42471184,0.41761430,0.07839403
0.08751836,0.48702786,0.34427209,0.08118168
0.06517787,0.37962192,0.47524752,0.07995269
0.07601627,0.36671651,0.48310556,0.07416165
0.08607644,0.43658220,0.40930227,0.06803908
0.09030920,0.44127584,0.39064463,0.07777032
0.04556146,0.23691515,0.63797197,0.07955141
0.05638428,0.25276590,0.62116016,0.06968966
0.06927979,0.32119393,0.52974956,0.07977672
0.07236544,0.36300545,0.48559554,0.07903357
0.09156750,0.32153627,0.51004254,0.07685370
0.05887040,0.33581227,0.55371111,0.05160622
0.06258082,0.29176953,0.53766475,0.10798490
0.07832072,0.35711015,0.49837028,0.06619885
0.08965184,0.35985943,0.45604200,0.09444674
0.10861300,0.33497831,0.45976772,0.09664097
0.07616928,0.37125343,0.48930182,0.06327547
0.10779945,0.44634042,0.35301652,0.09284361
0.11694196,0.51862635,0.25890841,0.10552328
0.13251269,0.47684201,0.29715728,0.09348802
0.09309453,0.50933636,0.35044626,0.04712285
0.11177802,0.52568798,0.25703171,0.10550229
0.15962321,0.43225145,0.31663516,0.09149018
0.10319509,0.52280488,0.31542075,0.05857928
0.17730190,0.37970937,0.30515745,0.13783128
0.12660310,0.45494717,0.31821051,0.10023922
0.07734267,0.49354392,0.38270781,0.04640560
0.03697814,0.19781352,0.71161656,0.05359179
0.05043072,0.26959160,0.61205083,0.06792685
0.08550238,0.31006417,0.52868135,0.07575210
0.06912698,0.33320866,0.53763888,0.06002549
0.13554207,0.38443598,0.42003635,0.05998560
0.23270469,0.49671321,0.21912685,0.05145525
0.03057792,0.27913759,0.65053677,0.03974772
0.04965957,0.30429161,0.59130144,0.05474738
0.06279244,0.29404955,0.57714569,0.06601232
0.05993223,0.30280247,0.58842553,0.04883977
0.10224909,0.32677146,0.53492140,0.03605804
0.05483363,0.31313431,0.56596875,0.06606331
0.06524018,0.35731401,0.50112322,0.07632259
0.07027775,0.36475116,0.48707451,0.07789658
0.06731467,0.35423971,0.50676363,0.07168199
0.11328670,0.41013380,0.41309346,0.06348605
0.05667982,0.32286975,0.57178547,0.04866496
0.06848204,0.37506759,0.48524527,0.07120510
0.07200796,0.37189730,0.48856380,0.06753094
0.06879029,0.38928878,0.48355178,0.05836914
0.11510398,0.44136116,0.39142981,0.05210505
0.04148307,0.31385767,0.59701642,0.04764284
0.04553068,0.32914768,0.58667765,0.03864400
0.03364377,0.23145439,0.61485495,0.12004689
0.04595635,0.29507220,0.56005393,0.09891752
0.05871770,0.28076955,0.56466716,0.09584560
0.05672236,0.26397427,0.56327701,0.11602637
0.04621849,0.27074764,0.58524393,0.09778994
0.06253173,0.33913741,0.48366398,0.11466688
0.07004616,0.33855292,0.48056156,0.11083937
0.06858203,0.33736647,0.47724053,0.11681097
0.05302601,0.27134783,0.56476668,0.11085947
0.07570404,0.31698304,0.49771606,0.10959686
0.08569909,0.32214978,0.50389387,0.08825727
0.08552948,0.30649043,0.47722070,0.13075939
0.05437529,0.25721930,0.56539212,0.12301329
0.07379846,0.33324583,0.48830706,0.10464864
0.08674477,0.31928375,0.50796574,0.08600574
0.09401752,0.30478098,0.47821026,0.12299124
0.09588954,0.28459467,0.48774230,0.13177349
0.11814134,0.38131567,0.38568675,0.11485624
0.14278818,0.38880925,0.38250439,0.08589819
0.13901380,0.37132246,0.35632837,0.13333538
0.03962632,0.26822895,0.59271495,0.09942978
0.03923394,0.26604982,0.59652689,0.09818935
0.04882299,0.26577411,0.59390704,0.09149586
0.03702202,0.25690107,0.65941187,0.04666504
0.05309182,0.31751723,0.56436953,0.06502142
0.05887087,0.30571742,0.55014979,0.08526192
0.05776718,0.30829370,0.57946969,0.05446943
0.06612473,0.36810818,0.48233065,0.08343644
0.06845253,0.35912952,0.47313665,0.09928130
0.06874218,0.36659292,0.48505349,0.07961140
